0 9.667724
1 5.3984637
2 6.6505895
3 8.163031
4 9.432798
5 12.0998
6 20.905512
7 23.839975
8 31.277378
9 28.080807
10 39.58818
11 39.53952
12 53.58577
13 53.410294
14 53.587894
15 62.742046
16 72.24498
17 67.61664
18 74.55425
19 82.47151
20 87.28976
21 98.69909
22 100.01855
23 111.310036
24 106.45462
25 138.0014
26 145.16896
27 134.13947
28 136.85184
29 153.68904
30 160.88405
31 160.3358
32 182.75386
33 202.22247
34 184.87769
35 222.44136
36 219.87955
37 229.9937
38 240.46622
39 244.41602
40 242.0697
41 249.2863
42 240.58191
43 274.79962
44 300.5323
45 303.98032
46 338.2702
47 320.98587
48 344.9218
49 320.2235
50 376.58603
51 331.17053
52 321.74377
53 349.05746
54 307.50925
55 327.59436
56 335.84003
57 349.7846
58 370.21454
59 357.78174
60 410.22525
61 406.07254
62 418.59354
63 419.0003
64 401.42502
65 444.00998
66 435.26193
67 413.50967
68 449.54434
69 417.94974
70 473.66144
71 410.10233
72 519.10974
73 525.9734
74 425.06274
75 449.83234
76 471.46393
77 594.0696
78 623.637
79 579.9079
80 513.40076
81 562.5026
82 525.89166
83 523.28613
84 559.9924
85 643.0836
86 591.28394
87 616.3259
88 605.25476
89 539.2828
90 595.60614
91 629.4816
92 623.2544
93 678.4941
94 600.96387
95 639.40063
96 628.12756
97 691.91235
98 663.21625
99 680.04736
100 573.7755
101 693.2682
102 641.292
103 590.381
104 689.1166
105 693.8548
106 713.7382
107 759.08813
108 763.3361
109 726.00745
110 740.59607
111 677.3721
112 621.07184
113 650.76
114 626.79254
115 675.0461
116 717.762
117 690.1111
118 717.3423
119 713.3346
120 775.44244
121 777.693
122 738.81494
123 660.8675
124 783.45874
125 685.1348
126 716.55994
127 709.0901
128 797.74365
129 707.64905
130 730.6261
131 739.8201
132 721.0626
133 638.8646
134 721.21423
135 658.2837
136 760.83276
137 786.8748
138 757.93726
139 751.6464
140 731.4936
141 802.1471
142 694.58923
143 697.0915
144 687.8354
145 783.0146
146 727.0598
147 826.264
148 799.3416
149 786.64404
150 738.0866
151 760.5154
152 788.07263
153 803.88293
154 783.0373
155 700.64087
156 782.4926
157 802.1326
158 738.3729
159 786.1306
160 892.7432
161 770.0822
162 755.9539
163 749.87286
164 778.31976
165 853.3263
166 814.40405
167 742.0855
168 764.77936
169 818.2004
170 863.9846
171 923.6581
172 890.332
173 984.5189
174 790.36304
175 747.0033
176 810.9542
177 779.45184
178 868.1347
179 756.1432
180 888.46014
181 890.57513
182 852.83875
183 816.1947
184 885.29956
185 842.40454
186 857.4651
187 893.5712
188 859.3659
189 926.33124
190 824.2092
191 904.60864
192 939.4594
193 825.0976
194 787.46027
195 863.187
196 684.6579
197 891.7475
198 812.5237
199 762.5627
200 898.705
201 834.8714
202 713.238
203 920.12933
204 851.6285
205 768.385
206 839.2347
207 894.0588
208 902.3734
209 852.7944
210 895.48303
211 993.7452
212 968.3459
213 897.9929
214 1000.5798
215 934.1173
216 789.3147
217 940.11176
218 955.4536
219 1051.4417
220 963.29016
221 943.3552
222 875.52124
223 888.0261
224 996.05817
225 972.4719
226 925.8769
227 960.2171
228 739.22864
229 854.4779
230 963.3305
231 862.2911
232 954.3459
233 957.4928
234 897.5385
235 889.3186
236 899.15924
237 1148.2509
238 960.7046
239 966.87756
240 916.7925
241 943.9191
242 930.5674
243 951.3366
244 980.46356
245 1046.88
246 1086.825
247 880.04987
248 1054.52
249 987.9315
250 1193.7534
251 1062.581
252 927.477
253 852.0207
254 899.3417
255 884.44653
256 925.66235
257 897.66486
258 1034.7528
259 1048.8278
260 1019.5915
261 1018.4548
262 1004.22845
263 1024.3555
264 949.45654
265 945.03595
266 835.7358
267 1000.1951
268 929.79266
269 885.2146
270 1037.4293
271 910.4248
272 1005.4202
273 939.2477
274 872.6636
275 782.28265
276 968.0742
277 975.6104
278 1031.3494
279 1053.9729
280 954.7053
281 907.1747
282 1039.7878
283 1144.2585
284 1070.546
285 1056.3936
286 967.214
287 1131.8015
288 1180.6553
289 1031.9121
290 1039.3666
291 1110.1672
292 1114.5188
293 1020.53534
294 1006.46265
295 916.80347
296 994.26025
297 876.511
298 1057.315
299 963.2411
300 1074.6658
301 1060.9564
302 1080.9398
303 1040.3378
304 1049.1636
305 986.074
306 1068.4542
307 1193.4202
308 1010.4052
309 1095.4758
310 1053.104
311 1050.7554
312 1082.4862
313 1170.6212
314 1203.5809
315 1113.8245
316 1167.9382
317 1166.2207
318 1229.7377
319 1090.9346
320 1125.9445
321 1256.1339
322 1136.2308
323 1137.3898
324 1127.0693
325 1057.6163
326 1028.6952
327 1021.49835
328 1032.6216
329 1037.5518
330 1107.597
331 1031.4443
332 1022.1254
333 1031.941
334 1054.146
335 1040.8021
336 1013.6678
337 964.367
338 1039.1262
339 1005.4382
340 923.69495
341 1122.9169
342 1032.3479
343 980.018
344 1165.1593
345 1083.3413
346 1044.808
347 1065.7372
348 1116.683
349 1083.0533
350 986.2409
351 1062.8041
352 1106.6747
353 947.203
354 1074.8912
355 964.94525
356 1098.0356
357 1097.4928
358 1084.4053
359 1046.8673
360 1160.8766
361 1090.5979
362 1106.8259
363 1163.923
364 1047.2495
365 1226.452
366 1157.9053
367 1054.7374
368 1112.7473
369 1119.9039
370 1074.3701
371 1209.3347
372 1096.4521
373 1021.4842
374 1221.796
375 1172.4257
376 1184.5526
377 1214.1766
378 1268.5612
379 1086.6917
380 1193.952
381 1077.4385
382 1173.72
383 1208.9958
384 1079.9117
385 973.3669
386 1078.5177
387 1038.9598
388 1064.8347
389 1064.5198
390 1021.39545
391 1122.2988
392 1048.2601
393 1174.9213
394 1098.9795
395 1137.0397
396 1216.4093
397 1147.8752
398 1208.9222
399 1160.8904
400 1101.7214
401 1169.6425
402 1201.4136
403 1172.305
404 1362.525
405 1270.3875
406 1247.4828
407 1210.1652
408 1324.4087
409 1247.4009
410 1327.4692
411 1235.5813
412 1358.0511
413 1361.814
414 1355.7819
415 1470.2833
416 1430.7212
417 1363.0719
418 1471.2438
419 1417.1995
420 1475.1177
421 1483.7506
422 1522.9144
423 1545.6344
424 1391.1932
425 1416.3523
426 1374.4991
427 1377.5292
428 1288.6355
429 1228.8806
430 1248.1172
431 1361.6296
432 1341.184
433 1292.0736
434 1303.532
435 1420.897
436 1239.3147
437 1382.7806
438 1320.9202
439 1307.5833
440 1320.7101
441 1286.1069
442 1364.8816
443 1272.5299
444 1310.6187
445 1244.235
446 1325.2245
447 1144.3541
448 1210.8011
449 1333.8495
450 1419.874
451 1377.06
452 1439.9019
453 1320.335
454 1298.3562
455 1223.7089
456 1258.7874
457 1170.415
458 1303.1683
459 1224.3595
460 1283.3551
461 1484.8387
462 1292.4929
463 1291.8796
464 1243.4218
465 1319.1907
466 1267.6901
467 1206.4375
468 1188.4957
469 1125.9744
470 1139.2133
471 1242.3618
472 1233.6383
473 1173.4182
474 1098.4027
475 1181.2892
476 1082.8309
477 1056.2245
478 1176.271
479 1103.1342
480 1140.7966
481 1113.6316
482 968.55115
483 1095.5441
484 1099.4733
485 1033.7925
486 1035.6469
487 1067.1383
488 1032.773
489 1094.3673
490 1041.6918
491 1001.5795
492 1123.9393
493 1126.6711
494 1067.9957
495 1025.8376
496 1055.0388
497 1058.2804
498 965.9875
499 1088.1536
