0 9.65848
1 167.85097
2 19398.54
3 1388871.6
4 40416548.0
5 238570020.0
6 1383280300.0
7 8985954000.0
8 44499284000.0
9 351575970000.0
10 1372319300000.0
11 4175116600000.0
12 15590770000000.0
13 43415534000000.0
14 113648060000000.0
15 212889730000000.0
16 185741300000000.0
17 637558400000000.0
18 987315700000000.0
19 1749204000000000.0
20 3294466000000000.0
21 6772692000000000.0
22 1.8398905e+16
23 3.5858953e+16
24 4.4120215e+16
25 5.524087e+16
26 1.0893651e+17
27 1.1762628e+17
28 1.6733603e+17
29 2.9257956e+17
30 3.280724e+17
31 4.7500607e+17
32 1.04635684e+18
33 1.3376198e+18
34 1.9409831e+18
35 2.7680411e+18
36 3.2017938e+18
37 4.2696857e+18
38 3.5767526e+18
39 3.265302e+18
40 6.251212e+18
41 9.2155496e+18
42 7.419115e+18
43 6.274794e+18
44 7.759519e+18
45 1.2487708e+19
46 2.2143337e+19
47 1.2152099e+19
48 3.442884e+19
49 4.486607e+19
50 5.3952174e+19
51 1.0587719e+20
52 1.1539234e+20
53 1.8443338e+20
54 2.4908952e+20
55 4.403627e+20
56 4.965642e+20
57 5.8707887e+20
58 6.8446875e+20
59 1.0436545e+21
60 9.680701e+20
61 1.2758596e+21
62 1.1780007e+21
63 1.8233466e+21
64 1.6334623e+21
65 2.0806656e+21
66 2.6697735e+21
67 2.6752161e+21
68 2.8082235e+21
69 2.4475916e+21
70 4.4467178e+21
71 4.533157e+21
72 5.1727253e+21
73 9.472217e+21
74 8.464488e+21
75 9.986599e+21
76 1.2385909e+22
77 1.1200664e+22
78 1.5868181e+22
79 1.4872749e+22
80 1.7683565e+22
81 2.9635273e+22
82 1.8464152e+22
83 2.8565686e+22
84 2.2437812e+22
85 3.2818928e+22
86 4.235551e+22
87 5.2025984e+22
88 5.3292e+22
89 6.241195e+22
90 6.5484807e+22
91 6.8884623e+22
92 6.1847623e+22
93 7.919739e+22
94 8.391999e+22
95 1.1777166e+23
96 1.1060774e+23
97 7.13636e+22
98 1.0193626e+23
99 1.30854375e+23
