0 7.919768
1 276.6799
2 24260.84
3 938145.44
4 24758834.0
5 344291300.0
6 2902276400.0
7 20966935000.0
8 130325930000.0
9 404425930000.0
10 1928819100000.0
11 5016801000000.0
12 14916838000000.0
13 46155883000000.0
14 104532885000000.0
15 248694040000000.0
16 818904600000000.0
17 1140293700000000.0
18 2438898500000000.0
19 3711404500000000.0
20 7386852500000000.0
21 1.0931918e+16
22 2.1183395e+16
23 3.5210878e+16
24 6.00318e+16
25 1.1741653e+17
26 1.3291642e+17
27 2.2318038e+17
28 3.6690985e+17
29 4.8320708e+17
30 6.446364e+17
31 8.020376e+17
32 1.0355319e+18
33 1.2771626e+18
34 1.3334555e+18
35 1.616131e+18
36 1.7113132e+18
37 3.6964044e+18
38 3.9004117e+18
39 5.619433e+18
40 8.7577745e+18
41 1.0700673e+19
42 1.6087422e+19
43 2.1940477e+19
44 2.5357757e+19
45 3.2352512e+19
46 3.9258612e+19
47 4.982197e+19
48 6.459973e+19
49 8.263497e+19
50 1.0168385e+20
51 1.3452199e+20
52 2.1634058e+20
53 1.8692934e+20
54 2.2342898e+20
55 3.1922264e+20
56 2.8932973e+20
57 4.0385847e+20
58 4.632753e+20
59 4.942335e+20
60 5.8740042e+20
61 7.04215e+20
62 6.337645e+20
63 7.30985e+20
64 8.336157e+20
65 9.253972e+20
66 1.0576633e+21
67 1.08689156e+21
68 1.28142e+21
69 1.8346293e+21
70 1.6094434e+21
71 2.1106263e+21
72 2.0953935e+21
73 2.5927994e+21
74 2.9851187e+21
75 3.3574614e+21
76 4.4374797e+21
77 3.562013e+21
78 4.141201e+21
79 5.71686e+21
80 6.558708e+21
81 6.0423946e+21
82 4.820892e+21
83 7.2687e+21
84 6.265903e+21
85 8.027279e+21
86 7.5707435e+21
87 7.747192e+21
88 7.142272e+21
89 7.745409e+21
90 6.198362e+21
91 5.8294104e+21
92 5.5787113e+21
93 4.463385e+21
94 7.367588e+21
95 4.937596e+21
96 6.655655e+21
97 5.4529556e+21
98 5.594411e+21
99 7.4377494e+21
