1 54
2 32
3 37
4 80
5 36
6 39
7 27
8 63
9 70
10 46
11 47
12 63
13 29
14 35
15 32
16 33
17 40
18 43
19 43
20 38
21 63
22 38
23 32
24 38
25 28
26 29
27 33
28 36
29 57
30 29
31 35
32 27
33 40
34 54
35 40
36 65
37 51
38 77
39 27
40 30
41 33
42 76
43 36
44 53
45 52
46 47
47 48
48 32
49 28
50 43
51 31
52 87
53 31
54 41
55 46
56 61
57 17
58 105
59 62
60 137
61 76
62 30
63 28
64 31
65 108
66 35
67 45
68 166
69 130
70 71
71 35
72 104
73 46
74 32
75 99
76 32
77 31
78 27
79 191
80 36
81 66
82 37
83 167
84 35
85 51
86 31
87 48
88 126
89 117
90 36
91 84
92 64
93 32
94 29
95 115
96 105
97 60
98 26
99 37
100 36
101 31
102 152
103 36
104 49
105 104
106 41
107 99
108 108
109 112
110 72
111 33
112 37
113 60
114 51
115 112
116 73
117 53
118 120
119 122
120 41
121 43
122 34
123 102
124 66
125 32
126 122
127 103
128 109
129 30
130 26
131 65
132 37
133 46
134 31
135 32
136 110
137 35
138 37
139 85
140 160
141 30
142 28
143 38
144 58
145 47
146 46
147 84
148 120
149 103
150 30
151 92
152 33
153 32
154 82
155 33
156 104
157 123
158 58
159 42
160 28
161 43
162 30
163 140
164 102
165 73
166 29
167 94
168 36
169 42
170 39
171 40
172 37
173 35
174 91
175 99
176 135
177 48
178 27
179 36
180 73
181 100
182 100
183 50
184 53
185 93
186 113
187 53
188 44
189 27
190 31
191 35
192 30
193 41
194 28
195 95
196 32
197 27
198 85
199 113
200 179
