0 -1580.7631
1 -23.423637
2 -14.106207
3 -9.053565
4 -22.178442
5 -6446.9297
6 -0.00017758773
7 -0.000154569
8 -0.00014588618
9 -0.00016437644
10 -0.0001597109
11 -0.00017166957
12 -0.0001524988
13 -0.00016644405
14 -0.00014941973
15 -0.00014430717
16 -0.00016484405
17 -0.00016578237
18 -0.00015668035
19 -0.00016281231
20 -0.00015327215
21 -0.00016527863
22 -0.00014351255
23 -0.00015253
24 -0.00015897964
25 -0.00015048662
26 -0.00015123167
27 -0.00017182154
28 -0.00014871152
29 -0.00015265703
30 -0.00015032208
31 -0.0001708861
32 -0.00015587805
33 -0.00015014081
34 -0.00016238523
35 -0.00015881388
36 -0.0001589957
37 -0.00015566604
38 -0.00015885089
39 -0.00015852979
40 -0.00015576606
41 -0.00016234959
42 -0.00016177581
43 -0.00016059254
44 -0.00015672013
45 -0.00016071253
46 -0.00015565407
47 -0.00015404192
48 -0.00015762099
49 -0.00015634664
50 -0.00016591922
51 -0.00015495703
52 -0.00015438456
53 -0.00015675933
54 -0.00015934774
55 -0.00016065312
56 -0.00015718254
57 -0.00015128296
58 -0.00015436132
59 -0.0001607342
60 -0.00016490974
61 -0.00015839441
62 -0.00015847123
63 -0.00016391091
64 -0.00015478738
65 -0.00016114475
66 -0.00015803546
67 -0.0001600511
68 -0.00016796534
69 -0.00016593462
70 -0.00014862561
71 -0.00016966421
72 -0.00015805708
73 -0.00015621076
74 -0.00015653521
75 -0.00016121982
76 -0.00016283756
77 -0.00016362326
78 -0.00016294696
79 -0.00015253226
80 -0.00015840617
81 -0.00015252586
82 -0.00016083493
83 -0.00015496295
84 -0.00015525086
85 -0.0001588554
86 -0.0001538132
87 -0.00015612377
88 -0.00016536888
89 -0.00016264003
90 -0.00015986971
91 -0.00015407875
92 -0.00016072727
93 -0.00015977515
94 -0.00016595339
95 -0.00016051161
96 -0.00015894017
97 -0.00016861378
98 -0.00016324606
99 -0.00013881287
100 -0.00015813223
101 -0.00014615964
102 -0.00016065114
103 -0.00017067816
104 -0.00015884261
105 -0.00014956636
106 -0.00015891647
107 -0.0001539523
108 -0.00015975896
109 -0.0001600289
110 -0.00014929599
111 -0.00015334667
112 -0.00016813439
113 -0.00015428507
114 -0.00016153301
115 -0.00015532697
116 -0.00015794835
117 -0.00015522816
118 -0.00016658193
119 -0.00016380355
120 -0.00016350267
121 -0.00015576884
122 -0.00016546017
123 -0.0001662862
124 -0.00015970864
125 -0.00017103631
126 -0.00015031692
127 -0.00016799294
128 -0.00016134857
129 -0.00015397678
130 -0.000154509
131 -0.00016133804
132 -0.000159974
133 -0.00015023728
134 -0.00015361703
135 -0.00016444732
136 -0.00015416078
137 -0.0001530914
138 -0.00015897297
139 -0.00016088625
140 -0.0001586716
141 -0.00016379109
142 -0.00016163752
143 -0.00015596434
144 -0.00016382778
145 -0.00014678013
146 -0.0001650734
147 -0.00016684135
148 -0.00015127889
149 -0.00015233774
150 -0.00016411672
151 -0.00016312787
152 -0.00016117927
153 -0.00015424525
154 -0.00015924964
155 -0.00015318613
156 -0.00016449703
157 -0.0001664843
158 -0.00016679453
159 -0.00016424476
160 -0.00015447546
161 -0.00015384337
162 -0.00016195582
163 -0.00015815547
164 -0.00017019622
165 -0.00015856765
166 -0.00015483364
167 -0.00016214403
168 -0.00016194093
169 -0.00015151157
170 -0.0001622533
171 -0.00015865962
172 -0.00016600148
173 -0.00017390058
174 -0.00015380202
175 -0.00015878872
176 -0.0001529413
177 -0.00016234121
178 -0.00015368377
179 -0.00015672582
180 -0.0001587468
181 -0.00015380158
182 -0.00016764575
183 -0.00017275749
184 -0.00015342329
185 -0.00015998127
186 -0.00016498739
187 -0.00016204809
188 -0.00015481918
189 -0.00015374739
190 -0.00016897854
191 -0.00016923517
192 -0.00016186433
193 -0.00015972872
194 -0.00014773643
195 -0.00016001477
196 -0.00016177232
197 -0.00017160269
198 -0.00015943058
199 -0.0001584501
200 -0.00015479917
201 -0.00016491032
202 -0.00015657721
203 -0.00015538132
204 -0.00015999636
205 -0.00015036654
206 -0.0001558779
207 -0.00016181558
208 -0.0001603769
209 -0.00017468144
210 -0.0001621721
211 -0.00017019121
212 -0.00016169707
213 -0.00015898989
214 -0.00015872615
215 -0.00015356165
216 -0.00016396519
217 -0.00015645706
218 -0.00016292479
219 -0.00016157953
220 -0.00015471019
221 -0.00016304168
222 -0.00016040493
223 -0.00015606641
224 -0.00015547188
225 -0.0001587626
226 -0.00015141757
227 -0.00017014341
228 -0.00015636362
229 -0.00016110207
230 -0.00016512857
231 -0.00017107265
232 -0.00016008846
233 -0.00016266307
234 -0.00016263043
235 -0.00016825457
236 -0.00015939379
237 -0.00015477394
238 -0.0001585627
239 -0.00015159341
240 -0.00015398658
241 -0.00016294124
242 -0.00015865815
243 -0.00015723638
244 -0.0001636345
245 -0.00016171744
246 -0.00014941028
247 -0.00016394969
248 -0.00016626876
249 -0.00015603627
250 -0.00016712042
251 -0.00015168278
252 -0.00015587357
253 -0.00015457859
254 -0.00015204915
255 -0.0001595275
256 -0.00017029137
257 -0.00016282195
258 -0.00015778067
259 -0.00015762167
260 -0.00017414617
261 -0.00015555367
262 -0.00015284284
263 -0.00016804975
264 -0.0001595364
265 -0.00016658774
266 -0.00015785896
267 -0.00014898772
268 -0.00015860182
269 -0.00015285204
270 -0.00014780124
271 -0.00014865799
272 -0.0001601864
273 -0.00017845994
274 -0.00015381323
275 -0.00015132996
276 -0.00015142575
277 -0.0001538512
278 -0.00015713966
279 -0.00016543057
280 -0.00016775305
281 -0.0001701552
282 -0.0001639525
283 -0.00016611461
284 -0.00015786491
285 -0.0001647502
286 -0.00014695938
287 -0.00016812122
288 -0.00015777326
289 -0.0001538093
290 -0.00015435618
291 -0.00015636564
292 -0.00015822766
293 -0.00015668507
294 -0.00016649892
295 -0.0001641273
296 -0.00016333282
297 -0.00015563853
298 -0.00016008774
299 -0.00015982459
300 -0.00015765232
301 -0.0001714719
302 -0.00015713286
303 -0.00015120365
304 -0.00016577174
305 -0.00015728959
306 -0.0001513657
307 -0.0001527431
308 -0.00015909053
309 -0.0001605666
310 -0.00015451234
311 -0.00016885613
312 -0.00016834433
313 -0.00015691057
314 -0.00015701255
315 -0.00016200673
316 -0.00015851995
317 -0.00015179571
318 -0.00016546024
319 -0.0001502389
320 -0.00017045066
321 -0.00016060474
322 -0.00015983627
323 -0.00016226586
324 -0.00015744379
325 -0.00015484536
326 -0.0001538948
327 -0.00016032535
328 -0.00016450544
329 -0.00015130607
330 -0.00016876601
331 -0.00015796741
332 -0.00016742507
333 -0.0001603738
334 -0.00015606718
335 -0.00015428719
336 -0.00015883605
337 -0.00016853225
338 -0.00015788837
339 -0.00015806293
340 -0.00015323871
341 -0.00016699654
342 -0.00015381911
343 -0.00015798668
344 -0.00016088452
345 -0.00015639493
346 -0.00016187191
347 -0.0001603353
348 -0.00017116997
349 -0.0001689685
350 -0.00015586674
351 -0.00015476828
352 -0.00016368595
353 -0.00016010171
354 -0.00016389869
355 -0.00014622683
356 -0.00016644716
357 -0.00015736137
358 -0.00015643083
359 -0.00015948188
360 -0.00015457792
361 -0.00015879612
362 -0.00015905306
363 -0.00015454779
364 -0.00015964071
365 -0.00016149714
366 -0.00016079748
367 -0.00015672269
368 -0.00016580276
369 -0.00015798994
370 -0.00015720334
371 -0.00014506615
372 -0.0001562529
373 -0.00015700821
374 -0.00015884296
375 -0.00016027068
376 -0.00015311426
377 -0.00015283482
378 -0.00015123436
379 -0.00015756796
380 -0.00016717937
381 -0.00014944127
382 -0.00015325323
383 -0.00016665549
384 -0.00015468025
385 -0.00016160276
386 -0.00017018538
387 -0.00015710267
388 -0.00016049205
389 -0.00016122148
390 -0.00016960429
391 -0.00015934728
392 -0.00015676356
393 -0.00016758028
394 -0.00015579618
395 -0.00016097458
396 -0.00016513444
397 -0.00015871596
398 -0.00015190073
399 -0.00015759564
400 -0.00016133944
401 -0.0001505826
402 -0.00015543889
403 -0.00015862999
404 -0.00015699066
405 -0.0001559199
406 -0.00016194381
407 -0.0001639703
408 -0.00016074395
409 -0.00016846789
410 -0.00016053961
411 -0.00015449154
412 -0.000159969
413 -0.0001708224
414 -0.00016402159
415 -0.00015118794
416 -0.00015432926
417 -0.00016851883
418 -0.00016415992
419 -0.00014555559
420 -0.0001543952
421 -0.00016185196
422 -0.0001639496
423 -0.00017477591
424 -0.00016140287
425 -0.00017305679
426 -0.00016613162
427 -0.00016678554
428 -0.00016473945
429 -0.00016058136
430 -0.00015761652
431 -0.00016996978
432 -0.00016290756
433 -0.00015728413
434 -0.00016030406
435 -0.00016029231
436 -0.00015270154
437 -0.00016605541
438 -0.00016866808
439 -0.00015498929
440 -0.00016761779
441 -0.00016452289
442 -0.0001665637
443 -0.00015908005
444 -0.0001624291
445 -0.00015775385
446 -0.00015372396
447 -0.00016335216
448 -0.00015748767
449 -0.0001682557
450 -0.00015437543
451 -0.00015790004
452 -0.00015850356
453 -0.00015104409
454 -0.00014679869
455 -0.00017072534
456 -0.00014996546
457 -0.00015599935
458 -0.00016249744
459 -0.00016161524
460 -0.0001655846
461 -0.0001560374
462 -0.00016344225
463 -0.00017019673
464 -0.00016082799
465 -0.00015509591
466 -0.00016551853
467 -0.00015677627
468 -0.00015714549
469 -0.0001605271
470 -0.00015637976
471 -0.00015514615
472 -0.0001531315
473 -0.00016330181
474 -0.00015924728
475 -0.00015322233
476 -0.000148289
477 -0.0001453588
478 -0.0001580335
479 -0.00015442759
480 -0.00016338084
481 -0.00015083546
482 -0.00016421775
483 -0.00016303449
484 -0.00015075032
485 -0.00016953847
486 -0.00015969171
487 -0.00016231017
488 -0.00017328028
489 -0.00016034792
490 -0.00016860268
491 -0.00015368116
492 -0.00016239584
493 -0.00015762568
494 -0.00016704314
495 -0.0001598899
496 -0.00017058686
497 -0.00015453674
498 -0.0001507787
499 -0.00015463738
