0 -235.67929
1 0.004822303
2 -2.28518e-05
3 -1.9544219e-05
4 -1.9748273e-05
5 -1.4814946e-05
6 -1.9274588e-05
7 -1.8504767e-05
8 -1.29381415e-05
9 -1.4672107e-05
10 -2.0190404e-05
11 -1.3690857e-05
12 -1.4617763e-05
13 -1.5386715e-05
14 -1.9194435e-05
15 -2.0176778e-05
16 -1.6753958e-05
17 -1.7694381e-05
18 -1.3465814e-05
19 -1.8240013e-05
20 -1.4381605e-05
21 -1.4767223e-05
22 -1.38716905e-05
23 -2.0536367e-05
24 -1.3065214e-05
25 -1.3426828e-05
26 -1.7778726e-05
27 -1.5190943e-05
28 -1.9907406e-05
29 -1.895834e-05
30 -2.2667886e-05
31 -1.5684933e-05
32 -1.8498364e-05
33 -1.6207645e-05
34 -1.7003313e-05
35 -2.0219575e-05
36 -1.7362938e-05
37 -1.5715037e-05
38 -1.5502726e-05
39 -1.460183e-05
40 -1.851023e-05
41 -1.816248e-05
42 -1.473948e-05
43 -1.958377e-05
44 -1.721681e-05
45 -2.0856325e-05
46 -1.5470334e-05
47 -1.8631197e-05
48 -1.7497769e-05
49 -1.6263277e-05
50 -1.8343508e-05
51 -1.738102e-05
52 -2.0291078e-05
53 -1.5058499e-05
54 -1.5863681e-05
55 -1.4498057e-05
56 -1.8810057e-05
57 -1.4894447e-05
58 -1.5952624e-05
59 -2.2154283e-05
60 -1.8863157e-05
61 -1.9185853e-05
62 -1.6937334e-05
63 -1.389648e-05
64 -1.7403607e-05
65 -1.7493321e-05
66 -1.7278446e-05
67 -1.446823e-05
68 -1.8519153e-05
69 -1.7351402e-05
70 -1.52252205e-05
71 -2.1355541e-05
72 -1.7981909e-05
73 -1.856063e-05
74 -1.7772885e-05
75 -1.5053045e-05
76 -1.8015004e-05
77 -1.560023e-05
78 -1.4173177e-05
79 -2.1199736e-05
80 -1.5562904e-05
81 -1.6264596e-05
82 -1.8410024e-05
83 -1.555847e-05
84 -1.516385e-05
85 -1.8418335e-05
86 -1.8830622e-05
87 -1.573105e-05
88 -1.4785573e-05
89 -1.522506e-05
90 -1.7974235e-05
91 -1.494278e-05
92 -1.4176328e-05
93 -1.5899159e-05
94 -1.5710979e-05
95 -1.7103106e-05
96 -1.4861483e-05
97 -1.5294174e-05
98 -1.5063403e-05
99 -1.3744508e-05
100 -1.8265573e-05
101 -1.5753682e-05
102 -1.33923e-05
103 -1.7467853e-05
104 -1.3834877e-05
105 -2.0581318e-05
106 -2.0280673e-05
107 -1.825728e-05
108 -1.6116795e-05
109 -1.4424617e-05
110 -1.6552136e-05
111 -1.8027731e-05
112 -1.4578198e-05
113 -1.5194959e-05
114 -1.7711867e-05
115 -1.6984635e-05
116 -1.4800734e-05
117 -1.5646408e-05
118 -1.9167905e-05
119 -1.3933367e-05
120 -2.094507e-05
121 -1.7953205e-05
122 -1.7946162e-05
123 -1.6168717e-05
124 -1.6901515e-05
125 -1.7554363e-05
126 -1.7823337e-05
127 -1.4346723e-05
128 -1.9476065e-05
129 -2.1367712e-05
130 -1.4641922e-05
131 -1.6827082e-05
132 -1.5993159e-05
133 -1.9434503e-05
134 -1.6989316e-05
135 -1.5484025e-05
136 -1.6436032e-05
137 -1.6319209e-05
138 -1.8189903e-05
139 -1.522692e-05
140 -1.4968833e-05
141 -2.2538054e-05
142 -1.933608e-05
143 -2.1773116e-05
144 -1.4053696e-05
145 -1.9650619e-05
146 -1.3510896e-05
147 -1.715579e-05
148 -1.3390671e-05
149 -1.45989225e-05
150 -1.4004736e-05
151 -1.7321006e-05
152 -1.5591071e-05
153 -1.7559565e-05
154 -2.1326801e-05
155 -1.6921365e-05
156 -1.4932116e-05
157 -1.5997095e-05
158 -1.5040544e-05
159 -1.4641708e-05
160 -2.2292757e-05
161 -1.3694364e-05
162 -2.0375679e-05
163 -1.5480415e-05
164 -1.6740476e-05
165 -1.6014015e-05
166 -1.9538027e-05
167 -1.6321555e-05
168 -1.6277012e-05
169 -1.9559679e-05
170 -1.6202195e-05
171 -1.3288873e-05
172 -1.7804088e-05
173 -1.5303242e-05
174 -2.0297988e-05
175 -1.4716755e-05
176 -1.5642725e-05
177 -1.6994532e-05
178 -1.4283758e-05
179 -1.4477106e-05
180 -2.2070173e-05
181 -2.0591224e-05
182 -1.4250998e-05
183 -1.6195674e-05
184 -1.4803945e-05
185 -1.6959077e-05
186 -1.5226059e-05
187 -2.2051503e-05
188 -1.5833322e-05
189 -1.5042104e-05
190 -1.9211746e-05
191 -1.9097253e-05
192 -1.7618811e-05
193 -1.5668753e-05
194 -1.6460112e-05
195 -2.4071258e-05
196 -1.7301514e-05
197 -1.6593578e-05
198 -1.8681068e-05
199 -1.5674115e-05
200 -2.1386397e-05
201 -1.8904339e-05
202 -1.447941e-05
203 -1.8132743e-05
204 -1.6154585e-05
205 -1.6439291e-05
206 -1.8084093e-05
207 -1.4439547e-05
208 -2.462517e-05
209 -1.40338525e-05
210 -2.0422307e-05
211 -1.4471106e-05
212 -1.9502311e-05
213 -1.944569e-05
214 -2.214303e-05
215 -1.5331727e-05
216 -1.5964528e-05
217 -1.8357761e-05
218 -1.9929135e-05
219 -1.9508518e-05
220 -2.2654493e-05
221 -1.4881645e-05
222 -1.3253273e-05
223 -2.2815813e-05
224 -1.3792684e-05
225 -1.6322108e-05
226 -2.0486197e-05
227 -1.3611885e-05
228 -1.6020804e-05
229 -1.8190993e-05
230 -1.548951e-05
231 -1.5109025e-05
232 -1.6453581e-05
233 -1.6327329e-05
234 -1.3244615e-05
235 -1.6292117e-05
236 -1.713371e-05
237 -1.8004299e-05
238 -1.7059288e-05
239 -2.2221608e-05
240 -2.125247e-05
241 -1.4671813e-05
242 -1.8592269e-05
243 -1.5462785e-05
244 -1.6899205e-05
245 -2.5117968e-05
246 -2.0005362e-05
247 -1.6499478e-05
248 -1.4189851e-05
249 -1.3581719e-05
250 -1.5387972e-05
251 -1.9173403e-05
252 -1.9426801e-05
253 -2.22676e-05
254 -1.4591674e-05
255 -2.1851392e-05
256 -1.5643634e-05
257 -1.8170515e-05
258 -1.5831836e-05
259 -1.8531086e-05
260 -2.2572922e-05
261 -1.8984674e-05
262 -1.947852e-05
263 -1.6326618e-05
264 -1.6369226e-05
265 -2.5794809e-05
266 -1.4990748e-05
267 -1.917667e-05
268 -1.8262286e-05
269 -1.8784169e-05
270 -2.0204341e-05
271 -1.6260401e-05
272 -2.1297325e-05
273 -1.3400209e-05
274 -2.0224721e-05
275 -1.39993135e-05
276 -1.624791e-05
277 -1.9162559e-05
278 -1.8035596e-05
279 -1.8833549e-05
280 -1.6840626e-05
281 -2.1968926e-05
282 -1.4074055e-05
283 -1.9219775e-05
284 -2.0075897e-05
285 -1.7221899e-05
286 -2.5074256e-05
287 -2.094201e-05
288 -1.865206e-05
289 -2.055872e-05
290 -1.9352305e-05
291 -2.587619e-05
292 -2.0611453e-05
293 -1.486486e-05
294 -1.4922468e-05
295 -2.0685053e-05
296 -2.4054953e-05
297 -1.9053683e-05
298 -2.1310261e-05
299 -2.0179124e-05
300 -1.9671981e-05
301 -1.8720259e-05
302 -1.721004e-05
303 -1.7358409e-05
304 -2.1212712e-05
305 -2.3873808e-05
306 -1.8448163e-05
307 -1.8577204e-05
308 -2.029627e-05
309 -1.5481959e-05
310 -2.1346652e-05
311 -1.3358449e-05
312 -1.4469054e-05
313 -2.1728778e-05
314 -2.2031087e-05
315 -2.7489354e-05
316 -1.9753108e-05
317 -1.6784632e-05
318 -2.0373262e-05
319 -2.3484352e-05
320 -2.2213617e-05
321 -2.3586008e-05
322 -1.6508393e-05
323 -1.4642674e-05
324 -1.5245551e-05
325 -2.7633545e-05
326 -2.0610254e-05
327 -1.660893e-05
328 -1.46835355e-05
329 -2.7130358e-05
330 -3.0869818e-05
331 -1.9212031e-05
332 -1.8477505e-05
333 -2.6031568e-05
334 -2.1709558e-05
335 -2.7380254e-05
336 -1.8096629e-05
337 -2.4502831e-05
338 -1.8416413e-05
339 -4.114449e-05
340 -2.5656616e-05
341 -2.0175203e-05
342 -1.7795744e-05
343 -3.447627e-05
344 -2.2932782e-05
345 -2.5583844e-05
346 -1.4704814e-05
347 -2.0631805e-05
348 -1.9449382e-05
349 -2.417425e-05
350 -2.1280766e-05
351 -1.6228503e-05
352 -1.9966945e-05
353 -2.5179776e-05
354 -2.0812568e-05
355 -2.2021932e-05
356 -2.4806795e-05
357 -3.2087955e-05
358 -2.5381163e-05
359 -2.61529e-05
360 -1.5679478e-05
361 -4.7448768e-05
362 -2.683748e-05
363 -3.938859e-05
364 -2.076075e-05
365 -2.247842e-05
366 -2.8568484e-05
367 -5.2142877e-05
368 -1.46499615e-05
369 -3.087143e-05
370 -2.0652808e-05
371 -2.6097503e-05
372 -3.316944e-05
373 -2.1013035e-05
374 -2.0543763e-05
375 -4.0949446e-05
376 -1.929625e-05
377 -2.8553899e-05
378 -5.449145e-05
379 -3.8365495e-05
380 -3.1034248e-05
381 -2.5202506e-05
382 -2.5641737e-05
383 -2.9285686e-05
384 -2.0681637e-05
385 -2.9358087e-05
386 -3.1796255e-05
387 -4.0078907e-05
388 -2.249653e-05
389 -6.5777116e-05
390 -3.5769634e-05
391 -3.951401e-05
392 -1.563998e-05
393 -3.094135e-05
394 -2.781212e-05
395 -4.6318728e-05
396 -2.712039e-05
397 -5.4984674e-05
398 -4.3394757e-05
399 -4.201255e-05
400 -5.690213e-05
401 -7.14585e-05
402 -8.01727e-05
403 -4.1489446e-05
404 -4.302994e-05
405 -4.6204397e-05
406 -0.00018311957
407 -7.9508674e-05
408 -6.300562e-05
409 -0.0001512744
410 -0.00011959313
411 -0.000105183186
412 -0.00020862403
413 -0.00021528135
414 -0.00040502736
415 -0.0009867878
416 -0.12089106
417 -1322.9382
418 -1.200703e-05
419 -1.1987888e-05
420 -1.1750201e-05
421 -1.2377235e-05
422 -1.2159386e-05
423 -1.2052823e-05
424 -1.1777227e-05
425 -1.260765e-05
426 -1.2137325e-05
427 -1.1668149e-05
428 -1.2226573e-05
429 -1.1473909e-05
430 -1.2153027e-05
431 -1.2039935e-05
432 -1.2288901e-05
433 -1.159431e-05
434 -1.1568054e-05
435 -1.2036637e-05
436 -1.2393478e-05
437 -1.192455e-05
438 -1.2559984e-05
439 -1.2192337e-05
440 -1.21413195e-05
441 -1.1643329e-05
442 -1.2730753e-05
443 -1.2279767e-05
444 -1.1844437e-05
445 -1.238385e-05
446 -1.227294e-05
447 -1.2554907e-05
448 -1.2318831e-05
449 -1.254689e-05
450 -1.1970637e-05
451 -1.19413335e-05
452 -1.290591e-05
453 -1.2425578e-05
454 -1.2026578e-05
455 -1.2035857e-05
456 -1.3070475e-05
457 -1.2111464e-05
458 -1.2490981e-05
459 -1.24241315e-05
460 -1.269081e-05
461 -1.2345425e-05
462 -1.2984742e-05
463 -1.1887039e-05
464 -1.2841301e-05
465 -1.2296097e-05
466 -1.24798125e-05
467 -1.2247942e-05
468 -1.2331433e-05
469 -1.19967335e-05
470 -1.20814375e-05
471 -1.2216337e-05
472 -1.187764e-05
473 -1.2557629e-05
474 -1.2763242e-05
475 -1.2122746e-05
476 -1.2980064e-05
477 -1.1680583e-05
478 -1.2719985e-05
479 -1.2528995e-05
480 -1.2762379e-05
481 -1.25527e-05
482 -1.2683578e-05
483 -1.2250207e-05
484 -1.2924886e-05
485 -1.1967328e-05
486 -1.1698181e-05
487 -1.2158405e-05
488 -1.2385545e-05
489 -1.21664825e-05
490 -1.1852722e-05
491 -1.2007038e-05
492 -1.1876553e-05
493 -1.252613e-05
494 -1.2099785e-05
495 -1.2330303e-05
496 -1.2482204e-05
497 -1.268738e-05
498 -1.214465e-05
499 -1.3070496e-05
