0 -634.7105
1 -3.607483
2 -0.0008697097
3 -0.000289861
4 -0.0004760481
5 -0.0004539856
6 -0.00042825504
7 -0.00036382195
8 -0.00029799284
9 -0.00040597352
10 -0.0003584447
11 -0.00024001005
12 -0.00031215613
13 -0.00031837463
14 -0.00039992313
15 -0.0003788848
16 -0.00037958214
17 -0.0003346372
18 -0.00039374287
19 -0.00042136508
20 -0.000444984
21 -0.00050061423
22 -0.00044581346
23 -0.0003347103
24 -0.0004990491
25 -0.00045655962
26 -0.00029493318
27 -0.00044222904
28 -0.00043604817
29 -0.00032364982
30 -0.00036612345
31 -0.00048157346
32 -0.00038326177
33 -0.00023525456
34 -0.00036300046
35 -0.00039470257
36 -0.00036324924
37 -0.0003565467
38 -0.00039547478
39 -0.0003322477
40 -0.00041230852
41 -0.00042982918
42 -0.0004776211
43 -0.00034991076
44 -0.0005138284
45 -0.00049494504
46 -0.00033444524
47 -0.00046387658
48 -0.00046606376
49 -0.00044946032
50 -0.00044993046
51 -0.00041560433
52 -0.0004625321
53 -0.0003458786
54 -0.00035744134
55 -0.0006147764
56 -0.00046989787
57 -0.00051792763
58 -0.00033880328
59 -0.00051912025
60 -0.00034507405
61 -0.00042678672
62 -0.00046938992
63 -0.000387242
64 -0.00045733355
65 -0.00027806885
66 -0.00044448045
67 -0.00047345684
68 -0.0004384946
69 -0.00043839816
70 -0.000352762
71 -0.00057140883
72 -0.0004063098
73 -0.00025606254
74 -0.0007087523
75 -0.0007695854
76 -0.0006023311
77 -0.00040310452
78 -0.00044270564
79 -0.00039109524
80 -0.00060486875
81 -0.000428731
82 -0.00053406175
83 -0.0004931602
84 -0.0005181826
85 -0.00042415332
86 -0.0005511303
87 -0.00064024096
88 -0.0006686511
89 -0.0005952677
90 -0.00058082235
91 -0.00038618015
92 -0.0004976497
93 -0.0005925589
94 -0.00067299866
95 -0.00071124453
96 -0.0006758031
97 -0.00056177995
98 -0.0005912774
99 -0.0005029262
100 -0.0007233006
101 -0.0005713677
102 -0.00084676186
103 -0.00094566727
104 -0.00055910356
105 -0.00063918
106 -0.0006567481
107 -0.00040517832
108 -0.0006755733
109 -0.00071124575
110 -0.0005639213
111 -0.00074225373
112 -0.0008081871
113 -0.00084649894
114 -0.0009281216
115 -0.0007870987
116 -0.00077800406
117 -0.0010107686
118 -0.0007988426
119 -0.0011638568
120 -0.0010442614
121 -0.0009884484
122 -0.0010194402
123 -0.0014457571
124 -0.0008913123
125 -0.0011033694
126 -0.0014591325
127 -0.0012829291
128 -0.0009477576
129 -0.001634885
130 -0.0015009117
131 -0.0012043574
132 -0.0015101978
133 -0.0033716888
134 -0.0019590673
135 -0.0027571435
136 -0.0015130299
137 -0.0019995326
138 -0.0018665099
139 -0.0028688917
140 -0.0046283137
141 -0.0027256245
142 -0.2065187
143 -0.0018672945
144 -0.0021110135
145 -0.0014375229
146 -0.0015721902
147 -0.0021162846
148 -0.0013713698
149 -0.0023218435
150 -0.0028421786
151 -0.002647573
152 -0.0038199401
153 -0.003249626
154 -0.0039567775
155 -0.0060136477
156 -0.005900167
157 -0.004535326
158 -0.0133762015
159 -0.0194583
160 -2.4118733
161 -0.0016866144
162 -0.0020027705
163 -0.0026199943
164 -0.0014771611
165 -0.0012245469
166 -0.0027892333
167 -0.0029687048
168 -0.0038403794
169 -0.004503874
170 -0.003907153
171 -0.0033622242
172 -0.0034832596
173 -0.14519455
174 -0.0045205653
175 -0.0048131715
176 -0.0031588557
177 -0.006138939
178 -0.0048770187
179 -0.008942353
180 -0.008812493
181 -0.0062426077
182 -0.01214324
183 -0.026295384
184 -0.011149534
185 -0.03910646
186 -0.48970515
187 -380.6891
188 -5.037608
189 -0.0013450012
190 -0.00058655045
191 -0.00082040223
192 -0.0006739291
193 -0.00043951703
194 -0.0005081553
195 -0.0005113498
196 -0.0008491275
197 -0.52359885
198 -0.00021911776
199 -0.00028291083
200 -0.000282137
201 -0.00041567464
202 -0.00041835397
203 -0.00018415943
204 -0.0006158506
205 -0.0006196283
206 -0.0006893425
207 -0.00026308457
208 -0.00040632658
209 -0.00041411328
210 -0.00068358344
211 -0.00040826172
212 -0.00041289796
213 -0.00048831146
214 -0.00047715468
215 -0.00053218665
216 -0.00090297434
217 -0.00057761534
218 -0.00064932567
219 -0.00024007745
220 -0.00047397093
221 -0.00040183822
222 -0.0005433286
223 -0.00044965983
224 -0.00040943926
225 -0.00035516694
226 -0.0005315593
227 -0.00039949044
228 -0.0005857686
229 -0.00019923152
230 -0.00024249502
231 -0.0014018341
232 -0.00045881918
233 -0.0006181475
234 -0.0009824181
235 -0.00045644055
236 -0.0004965866
237 -0.00045717778
238 -0.0009526213
239 -0.00036835863
240 -0.0006418886
241 -0.0006608225
242 -0.000727511
243 -0.0007917007
244 -0.00072306034
245 -0.00037088967
246 -0.0007109903
247 -0.0008278469
248 -0.0009441561
249 -0.0007261444
250 -0.0006256368
251 -0.00056841003
252 -0.00047516436
253 -0.0003843778
254 -0.0006344305
255 -0.0009796058
256 -0.00059141417
257 -0.00033248466
258 -0.00031072297
259 -0.00077007397
260 -0.000780391
261 -0.0006937095
262 -0.00092264137
263 -0.00045759854
264 -0.00051768863
265 -0.001187521
266 -0.0012040335
267 -0.00036624906
268 -0.00044487952
269 -0.00048094202
270 -0.00057563913
271 -0.00081911625
272 -0.0008446857
273 -0.000531987
274 -0.0009063284
275 -0.00055233896
276 -0.00046355353
277 -0.00059147656
278 -0.00076778117
279 -0.00045362356
280 -0.0004490294
281 -0.0008765351
282 -0.00060939457
283 -0.00088171347
284 -0.00059939234
285 -0.0006786707
286 -0.00087879197
287 -0.0006760916
288 -0.0004924965
289 -0.0006906541
290 -0.0003374421
291 -0.0002171037
292 -0.00038091934
293 -0.0009655389
294 -0.00069985195
295 -0.00092097605
296 -0.0008974513
297 -0.0013752739
298 -0.0006184636
299 -0.0015428807
300 -0.00065032823
301 -0.000752797
302 -0.0003911693
303 -0.0006333808
304 -0.0008164469
305 -0.0015659493
306 -0.0016608557
307 -0.0007220255
308 -0.0009974669
309 -0.0005021646
310 -0.00072565465
311 -0.80892545
312 -0.00045927777
313 -0.0004710305
314 -0.00038533704
315 -0.0002171271
316 -0.00033376855
317 -0.0007062447
318 -0.0003706753
319 -0.00022937078
320 -0.00020936449
321 -0.00053093664
322 -0.00031226038
323 -0.0002307822
324 -0.0003017777
325 -0.00046811352
326 -0.00030528771
327 -0.00035650906
328 -0.0005084219
329 -0.0003110936
330 -0.00026657447
331 -0.0004204553
332 -0.0004826327
333 -0.00026921256
334 -0.00044856704
335 -0.00032109354
336 -0.00040799362
337 -0.0004155757
338 -0.0004101546
339 -0.000677007
340 -0.00060855143
341 -0.00057549065
342 -0.00028423677
343 -0.00071564014
344 -0.00048083364
345 -0.0004199994
346 -0.0005817418
347 -0.00047324234
348 -0.00062431366
349 -0.0006560502
350 -0.00032966124
351 -0.00057967904
352 -0.0001856557
353 -0.0008133797
354 -0.00032621782
355 -0.000537983
356 -0.0005895893
357 -0.00041624717
358 -0.0006612522
359 -0.00062066875
360 -0.00038084903
361 -0.00042015227
362 -0.00047080606
363 -0.0005849047
364 -0.0004827673
365 -0.00041764654
366 -0.0004879331
367 -0.0005452555
368 -0.00087771285
369 -0.0005768295
370 -0.00051069306
371 -0.00038770132
372 -0.0005027858
373 -0.00077767816
374 -0.00067549426
375 -0.0005321231
376 -0.00065371685
377 -0.00028646362
378 -0.00076993654
379 -0.0006270657
380 -0.0007109107
381 -0.0011138471
382 -0.00046460942
383 -0.00049265544
384 -0.00069495727
385 -0.0012287984
386 -0.0011011158
387 -0.0011491869
388 -0.0006268405
389 -0.0010653508
390 -0.0010071935
391 -0.0008871167
392 -0.0015373237
393 -0.0010326409
394 -0.0009849244
395 -0.0008365265
396 -0.00056502223
397 -0.0011076771
398 -0.00027427982
399 -0.001213265
400 -0.001802646
401 -0.0012773066
402 -0.0016410025
403 -0.0020978865
404 -0.0011272829
405 -0.0016696013
406 -0.0013534722
407 -0.0012711963
408 -0.0012795705
409 -0.0017304892
410 -0.00092311774
411 -0.0015710132
412 -0.0019763412
413 -0.0032682028
414 -0.0032445942
415 -0.0030536929
416 -0.0017367207
417 -0.0025922381
418 -0.0023023752
419 -0.003000008
420 -0.0027312809
421 -0.0018890034
422 -0.002340848
423 -0.0026377034
424 -0.0012648648
425 -0.0024943887
426 -0.0045956797
427 -0.0020208722
428 -0.0064112023
429 -0.0061272257
430 -0.0077040633
431 -0.0045645395
432 -0.007133428
433 -0.23506145
434 -0.007721074
435 -0.004374829
436 -0.0092957765
437 -0.007142987
438 -0.0073472336
439 -0.013043739
440 -0.0115158465
441 -0.014013926
442 -0.6633377
443 -0.0037550926
444 -0.0035979096
445 -0.0037949153
446 -0.0045011677
447 -0.0075779604
448 -0.0073345006
449 -0.0026337414
450 -0.0033604384
451 -0.0021291443
452 -0.39501688
453 -0.0015577287
454 -0.0036626626
455 -0.006209144
456 -0.005100622
457 -0.005229381
458 -0.0031196375
459 -0.0041257697
460 -0.0040809447
461 -0.0076447777
462 -0.54625213
463 -0.0057182335
464 -0.0020017158
465 -0.4441386
466 -0.00040574302
467 -0.0017575482
468 -0.00097457523
469 -0.0010472842
470 -0.0005205225
471 -0.00077549746
472 -0.00027937733
473 -0.0010275531
474 -0.0005657911
475 -0.0010675493
476 -0.00051038427
477 -0.00023009218
478 -0.001290488
479 -0.000813207
480 -0.00048156604
481 -0.00024687563
482 -0.00047217804
483 -0.00070162147
484 -0.00025140453
485 -0.00088853046
486 -0.0002339131
487 -0.00095129374
488 -0.0017539723
489 -0.0005758841
490 -0.0007726251
491 -0.000804616
492 -8.816556e-05
493 -0.00036064952
494 -0.0008150468
495 -0.0009026384
496 -0.0017373232
497 -0.0011215939
498 -0.0006315262
499 -0.0012786255
