1 -1650.5026874105606
2 -1523.987073804721
3 -1623.6284408953893
4 -944.3455774369215
5 -944.5014585326501
6 -1579.6411863403623
7 -1519.2404057284339
8 -1362.1707888634126
9 -1657.1917192915296
10 -1517.0388136803576
11 -1218.1592185606057
12 -1633.766850959904
13 -1614.845264497742
14 -1151.267976231588
15 -1651.0464105363983
16 -1627.8004409219257
17 -1446.0102233736136
18 -1606.5087157953556
19 -1333.1154137356316
20 -1002.8014534235487
21 -1544.1005771537068
22 -1546.5450857325634
23 -1501.7277405164257
24 -1552.2073492945406
25 -979.735626551485
26 -1250.5467013985353
27 -1200.6474226371674
28 -1634.0767927029851
29 -1249.147028698222
30 -1313.381581004239
31 -1369.301805444971
32 -1510.3938737134029
33 -1656.3996619879447
34 -1632.9135652428677
35 -1313.9422432159633
36 -1508.9481321002306
37 -1183.8583664706537
38 -1650.4132031169415
39 -1180.9335694477477
40 -1640.3721524221255
41 -1491.8245989437805
42 -1524.1056157843234
43 -1650.8718103205513
44 -1480.261353076566
45 -1518.0034051545533
46 -1485.3473777886213
47 -1654.1540088897896
48 -1204.3647760717824
49 -1641.7673307321172
50 -1644.2967067615468
51 -1495.2601313011087
52 -1285.6069492211495
53 -1649.020550970758
54 -1492.760079694043
55 -1602.3434670323825
56 -1131.636045741363
57 -1505.2065833298411
58 -1103.492018738787
59 -1430.1783942012319
60 -1141.5691426490423
61 -1491.5155083046761
62 -1648.828021924794
63 -1650.0718174368913
64 -1545.4937670006225
65 -1513.0470894275247
66 -1078.9071476742831
67 -1496.520547686667
68 -1510.8386053569923
69 -1633.5791128751919
70 -1595.7104863952775
71 -1207.9160529726746
72 -1602.815034095117
73 -942.1305571995294
74 -1365.8487533954647
75 -944.3557845968188
76 -1509.3793137536484
77 -1352.9334446884538
78 -1173.9249810306455
79 -1377.1055298186473
80 -946.4346597391625
81 -1369.0187481039968
82 -1311.0190015971557
83 -1545.2751034012565
84 -1187.8522225203717
85 -1648.321096741548
86 -948.1037839915771
87 -1653.0389756240545
88 -1340.816723000635
89 -1491.9462405454162
90 -1494.5543316601947
91 -1379.9975765334707
92 -1653.7746857882014
93 -1492.4442023890608
94 -1658.3330192380265
95 -1385.8725793207823
96 -1062.6998494423335
97 -1030.0830812115705
98 -939.063525193842
99 -1187.807381475106
100 -1571.2403316170576
