1 -1352.0550101258725
2 -1361.2196421530489
3 -1332.9020409654806
4 -1322.5127112293442
5 -1357.7405059114326
6 -1188.3556849664124
7 -1350.4047589326187
8 -1331.549274536288
9 -1368.7830020415483
10 -1054.4463409375978
11 -1406.4078865840158
12 -1586.3244122302533
13 -1730.6466825538869
14 -1714.154906028363
15 -690.3323920173166
16 -1310.04842017105
17 -1353.5419132793818
18 -1298.08976231517
19 -1257.8499448619732
20 -1350.9647127773121
21 -1678.3918215769115
22 -1339.8633476426887
23 -1388.3279666036372
24 -1308.840622018803
25 -1425.1095083338264
26 -1216.3992723082547
27 -1720.2789241553514
28 -1377.194525122679
29 -1413.0982372059639
30 -1326.5636005581812
31 -1305.891298786899
32 -1366.6579645634524
33 -1531.3907620772836
34 -1239.1988866748356
35 -1359.539547365066
36 -1390.821295599116
37 -1356.5356832480502
38 -1352.3948946834562
39 -1072.7453026436096
40 -1506.8381766529546
41 -1371.4969682481
42 -1708.740600600244
43 -1169.7647146300865
44 -1168.943942308293
45 -1104.899727167538
46 -1359.6547557545675
47 -1152.5708965624324
48 -952.6521553661221
49 -1294.859333340489
50 -1349.7605010571237
51 -1345.3978471816881
52 -1156.54329553521
53 -1394.1071025469103
54 -1062.9659643362822
55 -1737.3756152726546
56 -1689.864392028739
57 -947.9626884047524
58 -1233.6606335416652
59 -1492.8760836014271
60 -717.9333641548135
61 -952.8049978068337
62 -1713.7920425018988
63 -1352.4118418921094
64 -1373.0477575273633
65 -1292.6282470554934
66 -1352.1155784214432
67 -1460.9305688079075
68 -1293.905109126316
69 -1731.808855286378
70 -1002.9334632118023
71 -1361.9507852479528
72 -1358.151309133037
73 -1678.1017640606963
74 -1182.1287709533544
75 -1153.316031004102
76 -1177.8838033959396
77 -825.7205111580439
78 -1191.1351561617282
79 -1096.1740850427166
80 -1196.459370310316
81 -1353.6636337349826
82 -1229.4365828425132
83 -928.3137238962624
84 -1629.4722688543604
85 -1660.3479136946416
86 -1299.2234252768005
87 -1334.1732949465165
88 -894.285985772399
89 -1721.5521967927712
90 -1262.8831337930453
91 -948.1807807082337
92 -1319.4172029778717
93 -1430.3457531280123
94 -1522.3537012753486
95 -1643.7425709339066
96 -1520.0040480664054
97 -1609.9402921148699
98 -1337.2167944252562
99 -1372.8684541116836
100 -1376.0997757311445
101 -1451.8720095954025
102 -1215.1144790103256
103 -1365.3831780660678
104 -1346.6049239229594
105 -1455.5926880190248
106 -1729.1827918539186
107 -1371.486519397842
108 -948.9285334042681
109 -1257.922133630929
110 -1353.1740887436004
111 -1290.6520141718947
112 -765.0682432497811
113 -1376.5184492735636
114 -1488.0456383541232
115 -1389.3010911290294
116 -1344.6660361698023
117 -1473.169696986964
118 -1378.9184353344424
119 -1379.2196036146433
120 -1357.461260458994
121 -1319.5041871947124
122 -1727.2802072742563
123 -1690.5791801491505
124 -1177.118106393189
125 -1730.9567381394252
126 -831.0134014101983
127 -1350.2405665939143
128 -1528.5397221629692
129 -1734.079870333631
130 -1533.928238385653
131 -1088.6079328823428
132 -1299.8038456036347
133 -1281.0766471507577
134 -1729.141954491405
135 -1603.911532228934
136 -1256.063801617092
137 -1213.7622301171073
138 -1108.170381781869
139 -1445.0556975693123
140 -876.5665667917449
141 -1247.9839260062301
142 -1684.8337123782799
143 -1601.2589769042318
144 -1057.9623697297127
145 -1729.7070925090266
146 -862.2681861527786
147 -966.9529223134055
148 -1350.9124030760165
149 -1048.3664406098233
150 -1729.2252430453036
151 -1293.1856423928357
152 -1382.7205084551383
153 -1501.5984820916028
154 -1243.4143204532131
155 -948.9795845828722
156 -1334.1280680605803
157 -1367.9191548682404
158 -1735.8887213490116
159 -1728.8162684978051
160 -1353.6846848554235
161 -1730.9848423020287
162 -1355.787771476858
163 -1418.6254068344394
164 -1498.5495214222442
165 -1101.9407558518024
166 -1159.6193816242842
167 -1136.7716590470181
168 -1173.1215304847203
169 -1226.7738946267896
170 -1443.781214377239
171 -1077.5273008562704
172 -1381.710871513676
173 -1358.836426427143
174 -1732.965615410577
175 -1322.0466532462588
176 -1352.3233218812131
177 -1168.7680015425265
178 -912.0396096987947
179 -1182.6611672991964
180 -1437.7356964346152
181 -1358.0977166531297
182 -1732.1159618750332
183 -964.8185827611
184 -1137.1756657504784
185 -1332.9730007487478
186 -1717.3308048546387
187 -1388.056279394606
188 -1326.650976062955
189 -1622.6763876967075
190 -1552.074097310666
191 -992.8268882278799
192 -1052.079618184245
193 -1673.1720716579478
194 -1296.4827965556321
195 -1728.9452057873639
196 -1161.307022843977
197 -1731.7007418175072
198 -1365.5477795383943
199 -1329.8854429502603
200 -1161.160213725275
201 -1394.6262863357938
202 -1523.7840170909635
203 -1124.4196239897597
204 -940.8128128343357
205 -1283.0945983264976
206 -1422.7988215503915
207 -944.1026476421869
208 -1502.8602546364584
209 -999.1134220668755
210 -1159.5403321640636
211 -1353.0529771862668
212 -1318.5620564816982
213 -1176.229353253906
214 -1308.5940893389532
215 -948.9510398499258
216 -1694.252870607363
217 -1383.1250852373585
218 -1110.1602465389303
219 -974.015722159317
220 -1266.3543191467422
221 -1157.2909344132615
222 -1313.038035131625
223 -1343.3097513611947
224 -1493.5410834944498
225 -1177.6233624385395
226 -1191.253129889021
227 -1388.9854820525134
228 -948.4974385751694
229 -1732.0554348969354
230 -1733.8950743793496
231 -1354.3009486888668
232 -1244.7769877799392
233 -1572.7934169457953
234 -1312.6070189520658
235 -1377.5277988221603
236 -949.8200849771443
237 -1360.9078681835676
238 -1505.9747444756247
239 -1369.461783811653
240 -1732.8918925475177
241 -1515.9272325483205
242 -1517.1291317478351
243 -1356.420158317948
244 -1168.8813148434158
245 -1583.1276725554744
246 -1729.6095957041261
247 -1562.5348861549219
248 -1343.5724717220476
249 -1155.7577416770353
250 -1347.366915942627
251 -1735.3782920674187
252 -1618.5958999865516
253 -1628.42469700447
254 -1340.2147596868188
255 -1313.8545478004762
256 -1342.3838281926498
257 -1337.6832382824552
258 -1522.73996909553
259 -1349.0808412187541
260 -1703.6261382316006
261 -1546.8884235831188
262 -1354.8753501510573
263 -1266.0785979415364
264 -1372.8570138083142
265 -1348.8018994369227
266 -1664.1872447439787
267 -1523.850856164098
268 -1551.9215000325712
269 -1051.0432154513285
270 -1356.2788212768974
271 -1352.9264024627282
272 -1332.0273869733048
273 -1492.0024562966066
274 -1585.3642809891862
275 -1500.3159393657438
276 -1378.6051339281803
277 -1378.9234563407251
278 -1368.450718273
279 -1714.9188941772961
280 -1268.4273957327177
281 -947.0982329436201
282 -1155.6799002449545
283 -1285.8977882899383
284 -1724.7196551968666
285 -1186.2226987231295
286 -1170.0938971859082
287 -1362.1432015844737
288 -1367.2322834186623
289 -1384.8547510590192
290 -1235.6763437182024
291 -1577.2360061094084
292 -1275.2507272917362
293 -1181.8234046445828
294 -1364.9527867231236
295 -1344.788630494403
296 -1253.6955528105127
297 -1344.5775938624747
298 -718.3832078571699
299 -1300.3697528225373
300 -1360.495111097761
301 -1144.11226164994
302 -1386.0150389867918
303 -1731.1849315552274
304 -1598.2432428091506
305 -1381.5974010339207
306 -1369.5479842345226
307 -1155.8586518786378
308 -1347.3666548142983
309 -949.3597827717726
310 -1362.5971846494872
311 -858.3666494805099
312 -1336.2104235575396
313 -1361.6798410214099
314 -1357.6925839760027
315 -1346.3398422190924
316 -1395.013214958971
317 -1062.7904835575673
318 -1346.206185151553
319 -1732.5364250784114
320 -1373.6461795093485
321 -1152.4313428066177
322 -1726.442316440294
323 -1183.6190684588823
324 -1157.5695496755613
325 -1356.6935672709192
326 -1340.1151157175582
327 -1502.847467165837
328 -1169.4931765056447
329 -1365.6497712950834
330 -915.0560231420229
331 -1441.6769078929956
332 -1296.9529601730226
333 -1735.8478654217652
334 -1448.8457817843457
335 -1473.8969866939465
336 -1359.2615046475933
337 -950.763955131391
338 -1363.040945359108
339 -1677.8888191019212
340 -1330.7348506860587
341 -1347.3420484303642
342 -1263.8944256376915
343 -1324.8554828865272
344 -1247.5056487287084
345 -1735.6579668496347
346 -1366.87968646335
347 -1408.3955742208723
348 -1360.3598520885494
349 -1598.4232956006238
350 -1385.0568620640981
351 -1732.2368386731328
352 -1368.015045714412
353 -1325.585619925649
354 -1619.1823665577626
355 -762.60561643081
356 -1732.928930241857
357 -1367.3480910493754
358 -1737.1242307817067
359 -1108.5631744405334
360 -1375.1044453655031
361 -1729.9062731812478
362 -1113.5701718337646
363 -1188.119103568315
364 -1644.7643578725529
365 -1606.6297774010895
366 -1336.5567225488585
367 -1309.445108643157
368 -1061.3863502030872
369 -1279.9302561675947
370 -1665.2931989258675
371 -1383.0065276210937
372 -1339.8480263163867
373 -1115.0694818948139
374 -1355.2355294143467
375 -1287.0729880157062
376 -1233.8317240679526
377 -1345.1019449752935
378 -1284.1377568954854
379 -1439.2673919783847
380 -1174.3589859198453
381 -1484.1210266707592
382 -947.3844658993271
383 -1338.8857642008097
384 -1599.7901485163547
385 -1385.6205307892167
386 -946.4864963724507
387 -1382.7761495155403
388 -948.1625675570446
389 -1338.8532417105166
390 -1430.063356324538
391 -1451.306027150602
392 -1625.373669196821
393 -1311.5286148197335
394 -949.0197734960317
395 -1172.6573372429611
396 -1733.631577268881
397 -1541.4476437595688
398 -718.1800753633116
399 -1267.4543299649315
400 -1349.9987881368095
401 -1373.2937858524056
402 -1337.636727361034
403 -1269.033610619178
404 -1171.4340981960954
405 -1394.6771297072871
406 -1588.7909560040935
407 -1733.7772953655924
408 -1305.274854684421
409 -1443.559233097028
410 -1671.3987699518163
411 -1643.7475261179552
412 -1732.904012787519
413 -1240.3473296001646
414 -1329.5876279563906
415 -1060.8481426510764
416 -1167.6648818366807
417 -1738.4455230485503
418 -1712.2866400397222
419 -1397.6327298626773
420 -1385.744953633721
421 -1374.2712596798312
422 -1648.3715159608198
423 -1098.2827803143562
424 -949.225216540574
425 -1295.2997398003206
426 -1353.103967631283
427 -1648.3238630669398
428 -1188.7660009646313
429 -1187.907348061784
430 -1339.7422821888094
431 -1469.0417310400176
432 -1427.3800341347583
433 -1393.8443126090924
434 -1314.5744244533666
435 -1168.3619836115863
436 -1732.50826526412
437 -1143.4102806243284
438 -1352.903960178916
439 -995.7624948332975
440 -937.3535962852693
441 -1288.6850739752965
442 -1347.6305538187976
443 -1375.5002843550058
444 -1345.3542398347297
445 -1177.4819387391165
446 -1290.2118964931258
447 -1339.1211071036844
448 -1456.54735158705
449 -1319.0522821173283
450 -1351.8248184211402
451 -1332.8016953451834
452 -845.1719801867548
453 -1366.8985455516352
454 -1373.2930923469285
455 -1080.5378107747429
456 -1572.786298645062
457 -1588.8066371188427
458 -1348.2286309913598
459 -1116.9140296639862
460 -1371.975732686151
461 -1312.0760166345513
462 -1164.0487090405848
463 -1373.9125531935874
464 -1295.7362229488476
465 -1290.6021300622867
466 -1368.4717064029694
467 -831.5979382169105
468 -952.7574203150033
469 -1357.1823757511515
470 -1356.1353124133568
471 -1372.5104204129811
472 -1340.6975903489658
473 -1355.7047580854855
474 -1716.4026629045793
475 -1194.1537955331596
476 -1394.7185024399466
477 -921.2291787185984
478 -1182.5388187219585
479 -1320.8191640140847
480 -1436.6840800534278
481 -1553.1558047270921
482 -1468.2002844847996
483 -1358.0989933918934
484 -1615.6874398347707
485 -1354.7205905747126
486 -1600.7931530217345
487 -1278.1898549451405
488 -1729.384284978417
489 -1356.329203995262
490 -1180.2936525497953
491 -1355.5318454040776
492 -1378.5521443133266
493 -1640.9413810949902
494 -1365.6477565628124
495 -1723.3883175663336
496 -1708.7648643344075
497 -1342.6284729567683
498 -1331.156094405392
499 -1411.122425363501
500 -1024.203306561141
