1 54.0
2 32.0
3 37.0
4 80.0
5 36.0
6 39.0
7 27.0
8 63.0
9 70.0
10 46.0
11 47.0
12 63.0
13 29.0
14 35.0
15 32.0
16 33.0
17 40.0
18 43.0
19 43.0
20 38.0
21 63.0
22 38.0
23 32.0
24 38.0
25 28.0
26 29.0
27 33.0
28 36.0
29 57.0
30 29.0
31 35.0
32 27.0
33 40.0
34 54.0
35 40.0
36 65.0
37 51.0
38 77.0
39 27.0
40 30.0
41 33.0
42 76.0
43 36.0
44 53.0
45 52.0
46 47.0
47 48.0
48 32.0
49 28.0
50 43.0
51 31.0
52 87.0
53 31.0
54 41.0
55 46.0
56 61.0
57 17.0
58 105.0
59 62.0
60 137.0
61 76.0
62 30.0
63 28.0
64 31.0
65 108.0
66 35.0
67 45.0
68 166.0
69 130.0
70 71.0
71 35.0
72 104.0
73 46.0
74 32.0
75 99.0
76 32.0
77 31.0
78 27.0
79 191.0
80 36.0
81 66.0
82 37.0
83 167.0
84 35.0
85 51.0
86 31.0
87 48.0
88 126.0
89 117.0
90 36.0
91 84.0
92 64.0
93 32.0
94 29.0
95 115.0
96 105.0
97 60.0
98 26.0
99 37.0
100 36.0
101 31.0
102 152.0
103 36.0
104 49.0
105 104.0
106 41.0
107 99.0
108 108.0
109 112.0
110 72.0
111 33.0
112 37.0
113 60.0
114 51.0
115 112.0
116 73.0
117 53.0
118 120.0
119 122.0
120 41.0
121 43.0
122 34.0
123 102.0
124 66.0
125 32.0
126 122.0
127 103.0
128 109.0
129 30.0
130 26.0
131 65.0
132 37.0
133 46.0
134 31.0
135 32.0
136 110.0
137 35.0
138 37.0
139 85.0
140 160.0
141 30.0
142 28.0
143 38.0
144 58.0
145 47.0
146 46.0
147 84.0
148 120.0
149 103.0
150 30.0
151 92.0
152 33.0
153 32.0
154 82.0
155 33.0
156 104.0
157 123.0
158 58.0
159 42.0
160 28.0
161 43.0
162 30.0
163 140.0
164 102.0
165 73.0
166 29.0
167 94.0
168 36.0
169 42.0
170 39.0
171 40.0
172 37.0
173 35.0
174 91.0
175 99.0
176 135.0
177 48.0
178 27.0
179 36.0
180 73.0
181 100.0
182 100.0
183 50.0
184 53.0
185 93.0
186 113.0
187 53.0
188 44.0
189 27.0
190 31.0
191 35.0
192 30.0
193 41.0
194 28.0
195 95.0
196 32.0
197 27.0
198 85.0
199 113.0
200 179.0
