1 -1652.7930838554887
2 -1583.7470453075962
3 -1620.8224474774795
4 -1649.3341417772945
5 -1653.3448224600484
6 -1657.5534200448935
7 -1624.0704323761074
8 -1581.1744051343508
9 -1538.9646547735506
10 -1610.5699784504782
11 -1560.6310139997067
12 -1645.8806057207344
13 -1576.9553467121166
14 -1628.9732107153993
15 -1499.160256547943
16 -1621.0066191969981
17 -1644.8997599173442
18 -1556.342080281412
19 -1643.9551109566132
20 -1498.065972341987
21 -1624.9214790416133
22 -1650.4167005985823
23 -1646.7712627828034
24 -1651.1017798322512
25 -1599.6822140888348
26 -1580.5270838161073
27 -1651.7385066089232
28 -1527.6458988409272
29 -1606.178964010262
30 -1554.367045265713
31 -1635.05283739958
32 -1638.3187755776348
33 -1504.7548264281552
34 -1543.7747837781903
35 -1493.7137200774446
36 -1587.483535597959
37 -1491.451510252634
38 -1557.5374587603314
39 -1522.9961610208716
40 -1494.2646357182039
41 -1585.3388314058288
42 -1617.2045468019076
43 -1506.4961781493448
44 -1654.6414690531315
45 -1563.3552608235111
46 -1643.7190458332027
47 -1651.4599919240795
48 -1651.7949057145047
49 -1186.959871835821
50 -1466.622649762692
51 -1460.4869553878523
52 -1452.0371791852085
53 -1651.357266944137
54 -1335.2227234222019
55 -1109.912153533297
56 -1362.8878834794846
57 -1261.6146723988934
58 -1655.7894915806278
59 -1653.9627648018402
60 -1353.655517871638
61 -916.5582475512008
62 -1499.6326871294475
63 -1633.2233077367882
64 -735.5895097273225
65 -1547.8785317044149
66 -1393.7962517914798
67 -1648.7718492208505
68 -1255.091008716326
69 -1498.7721848319088
70 -1584.0811271999924
71 -1499.8617782803174
72 -1656.511643419754
73 -1315.9111138386506
74 -1652.519224185655
75 -1517.397799042291
76 -1199.3075886100667
77 -1623.9706491955487
78 -1543.4360367660345
79 -1498.9416721439661
80 -1445.0731161180388
81 -1651.8524240224524
82 -1639.329500013114
83 -1551.272111995677
84 -814.5331885797032
85 -1646.6230980260561
86 -1500.906881321199
87 -1154.3480617354692
88 -1507.692835887695
89 -1657.6071695353262
90 -1644.0385160171372
91 -1648.7759423703837
92 -1653.319069718799
93 -1654.5529735877676
94 -1645.86724647802
95 -1388.0279773288669
96 -1647.4034225572607
97 -1574.0099672719232
98 -1573.615004392256
99 -1309.709889278943
100 -1420.736776809074
