0 54.0
1 32.0
2 37.0
3 80.0
4 36.0
5 39.0
6 27.0
7 63.0
8 70.0
9 46.0
10 47.0
11 63.0
12 29.0
13 35.0
14 32.0
15 33.0
16 40.0
17 43.0
18 43.0
19 38.0
20 63.0
21 38.0
22 32.0
23 38.0
24 28.0
25 29.0
26 33.0
27 36.0
28 57.0
29 29.0
30 35.0
31 27.0
32 40.0
33 54.0
34 40.0
35 65.0
36 51.0
37 77.0
38 27.0
39 30.0
40 33.0
41 76.0
42 36.0
43 53.0
44 52.0
45 47.0
46 48.0
47 32.0
48 28.0
49 43.0
50 31.0
51 87.0
52 31.0
53 41.0
54 46.0
55 61.0
56 17.0
57 105.0
58 62.0
59 137.0
60 76.0
61 30.0
62 28.0
63 31.0
64 108.0
65 35.0
66 45.0
67 166.0
68 130.0
69 71.0
70 35.0
71 104.0
72 46.0
73 32.0
74 99.0
75 32.0
76 31.0
77 27.0
78 191.0
79 36.0
80 66.0
81 37.0
82 167.0
83 35.0
84 51.0
85 31.0
86 48.0
87 126.0
88 117.0
89 36.0
90 84.0
91 64.0
92 32.0
93 29.0
94 115.0
95 105.0
96 60.0
97 26.0
98 37.0
99 36.0
100 31.0
101 152.0
102 36.0
103 49.0
104 104.0
105 41.0
106 99.0
107 108.0
108 112.0
109 72.0
110 33.0
111 37.0
112 60.0
113 51.0
114 112.0
115 73.0
116 53.0
117 120.0
118 122.0
119 41.0
120 43.0
121 34.0
122 102.0
123 66.0
124 32.0
125 122.0
126 103.0
127 109.0
128 30.0
129 26.0
130 65.0
131 37.0
132 46.0
133 31.0
134 32.0
135 110.0
136 35.0
137 37.0
138 85.0
139 160.0
140 30.0
141 28.0
142 38.0
143 58.0
144 47.0
145 46.0
146 84.0
147 120.0
148 103.0
149 30.0
150 92.0
151 33.0
152 32.0
153 82.0
154 33.0
155 104.0
156 123.0
157 58.0
158 42.0
159 28.0
160 43.0
161 30.0
162 140.0
163 102.0
164 73.0
165 29.0
166 94.0
167 36.0
168 42.0
169 39.0
170 40.0
171 37.0
172 35.0
173 91.0
174 99.0
175 135.0
176 48.0
177 27.0
178 36.0
179 73.0
180 100.0
181 100.0
182 50.0
183 53.0
184 93.0
185 113.0
186 53.0
187 44.0
188 27.0
189 31.0
190 35.0
191 30.0
192 41.0
193 28.0
194 95.0
195 32.0
196 27.0
197 85.0
198 113.0
199 179.0
