1 200
1 201
1 202
1 203
1 204
1 205
1 206
1 207
1 208
1 209
2 200
2 201
2 202
2 203
2 204
2 205
2 206
2 207
2 208
2 209
3 200
3 201
3 202
3 203
3 204
3 205
3 206
3 207
3 208
3 209
4 200
4 201
4 202
4 203
4 204
4 205
4 206
4 207
4 208
4 209
5 200
5 201
5 202
5 203
5 204
5 205
5 206
5 207
5 208
5 209
6 200
6 201
6 202
6 203
6 204
6 205
6 206
6 207
6 208
6 209
7 200
7 201
7 202
7 203
7 204
7 205
7 206
7 207
7 208
7 209
8 200
8 201
8 202
8 203
8 204
8 205
8 206
8 207
8 208
8 209
9 200
9 201
9 202
9 203
9 204
9 205
9 206
9 207
9 208
9 209
10 200
10 201
10 202
10 203
10 204
10 205
10 206
10 207
10 208
10 209
11 200
11 201
11 202
11 203
11 204
11 205
11 206
11 207
11 208
11 209
12 200
12 201
12 202
12 203
12 204
12 205
12 206
12 207
12 208
12 209
13 200
13 201
13 202
13 203
13 204
13 205
13 206
13 207
13 208
13 209
14 200
14 201
14 202
14 203
14 204
14 205
14 206
14 207
14 208
14 209
15 200
15 201
15 202
15 203
15 204
15 205
15 206
15 207
15 208
15 209
16 200
16 201
16 202
16 203
16 204
16 205
16 206
16 207
16 208
16 209
17 200
17 201
17 202
17 203
17 204
17 205
17 206
17 207
17 208
17 209
18 200
18 201
18 202
18 203
18 204
18 205
18 206
18 207
18 208
18 209
19 200
19 201
19 202
19 203
19 204
19 205
19 206
19 207
19 208
19 209
20 200
20 201
20 202
20 203
20 204
20 205
20 206
20 207
20 208
20 209
21 200
21 201
21 202
21 203
21 204
21 205
21 206
21 207
21 208
21 209
22 200
22 201
22 202
22 203
22 204
22 205
22 206
22 207
22 208
22 209
23 200
23 201
23 202
23 203
23 204
23 205
23 206
23 207
23 208
23 209
24 200
24 201
24 202
24 203
24 204
24 205
24 206
24 207
24 208
24 209
25 200
25 201
25 202
25 203
25 204
25 205
25 206
25 207
25 208
25 209
26 200
26 201
26 202
26 203
26 204
26 205
26 206
26 207
26 208
26 209
27 200
27 201
27 202
27 203
27 204
27 205
27 206
27 207
27 208
27 209
28 200
28 201
28 202
28 203
28 204
28 205
28 206
28 207
28 208
28 209
29 200
29 201
29 202
29 203
29 204
29 205
29 206
29 207
29 208
29 209
30 200
30 201
30 202
30 203
30 204
30 205
30 206
30 207
30 208
30 209
31 200
31 201
31 202
31 203
31 204
31 205
31 206
31 207
31 208
31 209
32 200
32 201
32 202
32 203
32 204
32 205
32 206
32 207
32 208
32 209
33 200
33 201
33 202
33 203
33 204
33 205
33 206
33 207
33 208
33 209
34 200
34 201
34 202
34 203
34 204
34 205
34 206
34 207
34 208
34 209
35 200
35 201
35 202
35 203
35 204
35 205
35 206
35 207
35 208
35 209
36 200
36 201
36 202
36 203
36 204
36 205
36 206
36 207
36 208
36 209
37 200
37 201
37 202
37 203
37 204
37 205
37 206
37 207
37 208
37 209
38 200
38 201
38 202
38 203
38 204
38 205
38 206
38 207
38 208
38 209
39 200
39 201
39 202
39 203
39 204
39 205
39 206
39 207
39 208
39 209
40 200
40 201
40 202
40 203
40 204
40 205
40 206
40 207
40 208
40 209
41 200
41 201
41 202
41 203
41 204
41 205
41 206
41 207
41 208
41 209
42 200
42 201
42 202
42 203
42 204
42 205
42 206
42 207
42 208
42 209
43 200
43 201
43 202
43 203
43 204
43 205
43 206
43 207
43 208
43 209
44 200
44 201
44 202
44 203
44 204
44 205
44 206
44 207
44 208
44 209
45 200
45 201
45 202
45 203
45 204
45 205
45 206
45 207
45 208
45 209
46 200
46 201
46 202
46 203
46 204
46 205
46 206
46 207
46 208
46 209
47 200
47 201
47 202
47 203
47 204
47 205
47 206
47 207
47 208
47 209
48 200
48 201
48 202
48 203
48 204
48 205
48 206
48 207
48 208
48 209
49 200
49 201
49 202
49 203
49 204
49 205
49 206
49 207
49 208
49 209
50 200
50 201
50 202
50 203
50 204
50 205
50 206
50 207
50 208
50 209
51 200
51 201
51 202
51 203
51 204
51 205
51 206
51 207
51 208
51 209
52 200
52 201
52 202
52 203
52 204
52 205
52 206
52 207
52 208
52 209
53 200
53 201
53 202
53 203
53 204
53 205
53 206
53 207
53 208
53 209
54 200
54 201
54 202
54 203
54 204
54 205
54 206
54 207
54 208
54 209
55 200
55 201
55 202
55 203
55 204
55 205
55 206
55 207
55 208
55 209
56 200
56 201
56 202
56 203
56 204
56 205
56 206
56 207
56 208
56 209
57 200
57 201
57 202
57 203
57 204
57 205
57 206
57 207
57 208
57 209
58 200
58 201
58 202
58 203
58 204
58 205
58 206
58 207
58 208
58 209
59 200
59 201
59 202
59 203
59 204
59 205
59 206
59 207
59 208
59 209
60 200
60 201
60 202
60 203
60 204
60 205
60 206
60 207
60 208
60 209
61 200
61 201
61 202
61 203
61 204
61 205
61 206
61 207
61 208
61 209
62 200
62 201
62 202
62 203
62 204
62 205
62 206
62 207
62 208
62 209
63 200
63 201
63 202
63 203
63 204
63 205
63 206
63 207
63 208
63 209
64 200
64 201
64 202
64 203
64 204
64 205
64 206
64 207
64 208
64 209
65 200
65 201
65 202
65 203
65 204
65 205
65 206
65 207
65 208
65 209
66 200
66 201
66 202
66 203
66 204
66 205
66 206
66 207
66 208
66 209
67 200
67 201
67 202
67 203
67 204
67 205
67 206
67 207
67 208
67 209
68 200
68 201
68 202
68 203
68 204
68 205
68 206
68 207
68 208
68 209
69 200
69 201
69 202
69 203
69 204
69 205
69 206
69 207
69 208
69 209
70 200
70 201
70 202
70 203
70 204
70 205
70 206
70 207
70 208
70 209
71 200
71 201
71 202
71 203
71 204
71 205
71 206
71 207
71 208
71 209
72 200
72 201
72 202
72 203
72 204
72 205
72 206
72 207
72 208
72 209
73 200
73 201
73 202
73 203
73 204
73 205
73 206
73 207
73 208
73 209
74 200
74 201
74 202
74 203
74 204
74 205
74 206
74 207
74 208
74 209
75 200
75 201
75 202
75 203
75 204
75 205
75 206
75 207
75 208
75 209
76 200
76 201
76 202
76 203
76 204
76 205
76 206
76 207
76 208
76 209
77 200
77 201
77 202
77 203
77 204
77 205
77 206
77 207
77 208
77 209
78 200
78 201
78 202
78 203
78 204
78 205
78 206
78 207
78 208
78 209
79 200
79 201
79 202
79 203
79 204
79 205
79 206
79 207
79 208
79 209
80 200
80 201
80 202
80 203
80 204
80 205
80 206
80 207
80 208
80 209
81 200
81 201
81 202
81 203
81 204
81 205
81 206
81 207
81 208
81 209
82 200
82 201
82 202
82 203
82 204
82 205
82 206
82 207
82 208
82 209
83 200
83 201
83 202
83 203
83 204
83 205
83 206
83 207
83 208
83 209
84 200
84 201
84 202
84 203
84 204
84 205
84 206
84 207
84 208
84 209
85 200
85 201
85 202
85 203
85 204
85 205
85 206
85 207
85 208
85 209
86 200
86 201
86 202
86 203
86 204
86 205
86 206
86 207
86 208
86 209
87 200
87 201
87 202
87 203
87 204
87 205
87 206
87 207
87 208
87 209
88 200
88 201
88 202
88 203
88 204
88 205
88 206
88 207
88 208
88 209
89 200
89 201
89 202
89 203
89 204
89 205
89 206
89 207
89 208
89 209
90 200
90 201
90 202
90 203
90 204
90 205
90 206
90 207
90 208
90 209
91 200
91 201
91 202
91 203
91 204
91 205
91 206
91 207
91 208
91 209
92 200
92 201
92 202
92 203
92 204
92 205
92 206
92 207
92 208
92 209
93 200
93 201
93 202
93 203
93 204
93 205
93 206
93 207
93 208
93 209
94 200
94 201
94 202
94 203
94 204
94 205
94 206
94 207
94 208
94 209
95 200
95 201
95 202
95 203
95 204
95 205
95 206
95 207
95 208
95 209
96 200
96 201
96 202
96 203
96 204
96 205
96 206
96 207
96 208
96 209
97 200
97 201
97 202
97 203
97 204
97 205
97 206
97 207
97 208
97 209
98 200
98 201
98 202
98 203
98 204
98 205
98 206
98 207
98 208
98 209
99 200
99 201
99 202
99 203
99 204
99 205
99 206
99 207
99 208
99 209
100 200
100 201
100 202
100 203
100 204
100 205
100 206
100 207
100 208
100 209
101 200
101 201
101 202
101 203
101 204
101 205
101 206
101 207
101 208
101 209
102 200
102 201
102 202
102 203
102 204
102 205
102 206
102 207
102 208
102 209
103 200
103 201
103 202
103 203
103 204
103 205
103 206
103 207
103 208
103 209
104 200
104 201
104 202
104 203
104 204
104 205
104 206
104 207
104 208
104 209
105 200
105 201
105 202
105 203
105 204
105 205
105 206
105 207
105 208
105 209
106 200
106 201
106 202
106 203
106 204
106 205
106 206
106 207
106 208
106 209
107 200
107 201
107 202
107 203
107 204
107 205
107 206
107 207
107 208
107 209
108 200
108 201
108 202
108 203
108 204
108 205
108 206
108 207
108 208
108 209
109 200
109 201
109 202
109 203
109 204
109 205
109 206
109 207
109 208
109 209
110 200
110 201
110 202
110 203
110 204
110 205
110 206
110 207
110 208
110 209
111 200
111 201
111 202
111 203
111 204
111 205
111 206
111 207
111 208
111 209
112 200
112 201
112 202
112 203
112 204
112 205
112 206
112 207
112 208
112 209
113 200
113 201
113 202
113 203
113 204
113 205
113 206
113 207
113 208
113 209
114 200
114 201
114 202
114 203
114 204
114 205
114 206
114 207
114 208
114 209
115 200
115 201
115 202
115 203
115 204
115 205
115 206
115 207
115 208
115 209
116 200
116 201
116 202
116 203
116 204
116 205
116 206
116 207
116 208
116 209
117 200
117 201
117 202
117 203
117 204
117 205
117 206
117 207
117 208
117 209
118 200
118 201
118 202
118 203
118 204
118 205
118 206
118 207
118 208
118 209
119 200
119 201
119 202
119 203
119 204
119 205
119 206
119 207
119 208
119 209
120 200
120 201
120 202
120 203
120 204
120 205
120 206
120 207
120 208
120 209
121 200
121 201
121 202
121 203
121 204
121 205
121 206
121 207
121 208
121 209
122 200
122 201
122 202
122 203
122 204
122 205
122 206
122 207
122 208
122 209
123 200
123 201
123 202
123 203
123 204
123 205
123 206
123 207
123 208
123 209
124 200
124 201
124 202
124 203
124 204
124 205
124 206
124 207
124 208
124 209
125 200
125 201
125 202
125 203
125 204
125 205
125 206
125 207
125 208
125 209
126 200
126 201
126 202
126 203
126 204
126 205
126 206
126 207
126 208
126 209
127 200
127 201
127 202
127 203
127 204
127 205
127 206
127 207
127 208
127 209
128 200
128 201
128 202
128 203
128 204
128 205
128 206
128 207
128 208
128 209
129 200
129 201
129 202
129 203
129 204
129 205
129 206
129 207
129 208
129 209
130 200
130 201
130 202
130 203
130 204
130 205
130 206
130 207
130 208
130 209
131 200
131 201
131 202
131 203
131 204
131 205
131 206
131 207
131 208
131 209
132 200
132 201
132 202
132 203
132 204
132 205
132 206
132 207
132 208
132 209
133 200
133 201
133 202
133 203
133 204
133 205
133 206
133 207
133 208
133 209
134 200
134 201
134 202
134 203
134 204
134 205
134 206
134 207
134 208
134 209
135 200
135 201
135 202
135 203
135 204
135 205
135 206
135 207
135 208
135 209
136 200
136 201
136 202
136 203
136 204
136 205
136 206
136 207
136 208
136 209
137 200
137 201
137 202
137 203
137 204
137 205
137 206
137 207
137 208
137 209
138 200
138 201
138 202
138 203
138 204
138 205
138 206
138 207
138 208
138 209
139 200
139 201
139 202
139 203
139 204
139 205
139 206
139 207
139 208
139 209
140 200
140 201
140 202
140 203
140 204
140 205
140 206
140 207
140 208
140 209
141 200
141 201
141 202
141 203
141 204
141 205
141 206
141 207
141 208
141 209
142 200
142 201
142 202
142 203
142 204
142 205
142 206
142 207
142 208
142 209
143 200
143 201
143 202
143 203
143 204
143 205
143 206
143 207
143 208
143 209
144 200
144 201
144 202
144 203
144 204
144 205
144 206
144 207
144 208
144 209
145 200
145 201
145 202
145 203
145 204
145 205
145 206
145 207
145 208
145 209
146 200
146 201
146 202
146 203
146 204
146 205
146 206
146 207
146 208
146 209
147 200
147 201
147 202
147 203
147 204
147 205
147 206
147 207
147 208
147 209
148 200
148 201
148 202
148 203
148 204
148 205
148 206
148 207
148 208
148 209
149 200
149 201
149 202
149 203
149 204
149 205
149 206
149 207
149 208
149 209
150 200
150 201
150 202
150 203
150 204
150 205
150 206
150 207
150 208
150 209
151 200
151 201
151 202
151 203
151 204
151 205
151 206
151 207
151 208
151 209
