1 -1529.7683014096049
1 -1533.5917932949642
1 -1537.9731169196953
1 -1543.518432057191
1 -1550.9819061888513
1 -1559.822091307584
1 -1570.279574825786
1 -1582.746073327174
1 -1597.564573324727
1 -1612.7210940914424
2 -1502.1421752353265
2 -1509.937054299478
2 -1517.847235851197
2 -1525.8572979471041
2 -1533.9483806596775
2 -1542.098877302976
2 -1550.2852117168009
2 -1558.4826691691605
2 -1566.6662498824592
2 -1574.8115168040501
3 -1289.4059700690411
3 -1300.1406121119037
3 -1309.0837348666723
3 -1316.325905760843
3 -1322.060723357522
3 -1326.5462882215247
3 -1329.539114275757
3 -1331.468045493266
3 -1332.666004683873
3 -1333.3802585912517
4 -1644.1721010131246
4 -1650.554049256496
4 -1655.669071336142
4 -1659.9201846117262
4 -1663.7222359141767
4 -1667.5093330933091
4 -1671.7679018996573
4 -1677.0840765221208
4 -1684.1873093923523
4 -1692.80084789761
5 -1639.3769898007815
5 -1647.1562477183916
5 -1654.6802301499492
5 -1661.9473856598113
5 -1668.9691235268065
5 -1675.8599407776842
5 -1682.8855438186488
5 -1690.3101502506586
5 -1698.047169261265
5 -1706.0888910512763
6 -1432.113124139952
6 -1439.9562041168513
6 -1447.7892976513012
6 -1455.5996239729034
6 -1463.3752031285458
6 -1471.105260734905
6 -1478.7805903197257
6 -1486.393861892797
6 -1493.9398670165588
6 -1501.4156925371847
7 -1656.8788767546123
7 -1660.5795790716502
7 -1664.4708424869552
7 -1669.0719547960737
7 -1675.0225599031603
7 -1682.9435805863552
7 -1692.1768330822877
7 -1703.136096931805
7 -1716.2017010940556
7 -1731.7016338101391
8 -1642.8136547850536
8 -1649.4993453081931
8 -1654.8357749673557
8 -1659.21874130814
8 -1663.057880302803
8 -1666.7772045680067
8 -1670.843025181199
8 -1675.8090905281576
8 -1682.3633841778278
8 -1690.6519905766652
9 -1648.120723894474
9 -1653.456530956682
9 -1657.8391070861765
9 -1661.6780988331934
9 -1665.3975397069996
9 -1669.4637857577554
9 -1674.4306611952018
9 -1680.986250438481
9 -1689.275629948455
9 -1699.0097466005589
10 -1607.0003140878543
10 -1617.5532565395615
10 -1626.1402297833074
10 -1632.9947095475466
10 -1638.4579922932598
10 -1642.9222676058812
10 -1646.795373687235
10 -1650.497749229275
10 -1654.4876189373526
10 -1659.304729747197
11 -1647.7149148501182
11 -1651.502278167823
11 -1655.3233464393438
11 -1659.673854246791
11 -1665.1546541421237
11 -1672.5132674657011
11 -1681.2815999268919
11 -1691.6461695270918
11 -1704.0006915546412
11 -1718.6909780594992
12 -1581.9538757487564
12 -1597.217459698157
12 -1610.2143787471543
12 -1621.1700600180511
12 -1630.1312165330405
12 -1637.3033476582525
12 -1643.0111285814235
12 -1647.6403587902996
12 -1651.5969443119404
12 -1655.2974867754908
13 -1601.9172814442738
13 -1614.105700332797
13 -1624.2491212502168
13 -1632.461190135578
13 -1639.0038339613093
13 -1644.2347709527598
13 -1648.5530532640637
13 -1652.3704039326112
13 -1656.114924896141
13 -1660.2614028289552
14 -1657.7760980155197
14 -1661.4890230253009
14 -1665.5301712370688
14 -1670.448849229111
14 -1676.9270976859398
14 -1685.1702486971858
14 -1694.8423623670603
14 -1706.3505470420334
14 -1720.0618535513981
14 -1736.28856850854
15 -1654.0053468925312
15 -1657.91460165074
15 -1661.611744885167
15 -1665.5493472878622
15 -1670.2567829192703
15 -1676.3884546673914
15 -1684.4217965323608
15 -1693.8095139474533
15 -1704.9632349434032
15 -1718.2586608116715
16 -1623.3477952750916
16 -1633.6524184573555
16 -1642.0113347510678
16 -1648.6752734256768
16 -1653.9955351275107
16 -1658.3683988691673
16 -1662.203781527094
16 -1665.926249953883
16 -1670.0033013930038
16 -1674.9906776659388
17 -1494.3094093524062
17 -1502.5741719558334
17 -1511.0304648944016
17 -1519.644427090547
17 -1528.3769482591572
17 -1537.1851513547842
17 -1546.0239384442918
17 -1554.847538979213
17 -1563.611015387043
17 -1572.271694456185
18 -1547.5392666674888
18 -1556.808681832153
18 -1567.8136003882687
18 -1580.933273792083
18 -1596.4943528245542
18 -1610.9514396196673
18 -1623.2798640387148
18 -1633.5628230121445
18 -1641.9019473042765
18 -1648.5494712236007
19 -1573.749974046979
19 -1587.526479794338
19 -1603.7740163478466
19 -1617.5905495040483
19 -1629.3819879483585
19 -1639.1339704859863
19 -1646.9942102773814
19 -1653.2509371622928
19 -1658.2764442755679
19 -1662.476275473154
20 -1523.9296935721923
20 -1530.4771419225542
20 -1538.7616628716974
20 -1548.4892736299594
20 -1560.0661245780932
20 -1573.8575660124286
20 -1590.0884495488438
20 -1603.8910741631653
20 -1615.6682555452937
20 -1625.4066060217704
21 -1655.374136142647
21 -1659.1389672587825
21 -1662.9623360827475
21 -1667.3427198065442
21 -1672.8861202132482
21 -1680.3465096345337
21 -1689.1846024059623
21 -1699.639385813663
21 -1712.102635076646
21 -1726.917418650689
22 -1613.7899619636012
22 -1623.3591907741916
22 -1631.0586404417754
22 -1637.1851452423848
22 -1642.1142011623335
22 -1646.2511361966465
22 -1650.0120385337593
22 -1653.8362721252556
22 -1658.2228915803623
22 -1663.778942958993
23 -1658.4336282588165
23 -1662.2546732630567
23 -1666.6013886947162
23 -1672.0739526517543
23 -1679.4190272418762
23 -1688.1779612666817
23 -1698.5303481970382
23 -1710.8701624074217
23 -1725.543587257587
23 -1740.843902936276
24 -1552.6747305355796
24 -1562.5215205500983
24 -1574.2453076888835
24 -1588.207783171819
24 -1604.2501969532007
24 -1617.8955012220079
24 -1629.5115747610764
24 -1639.0961977040242
24 -1646.8091532799315
24 -1652.9465553951236
25 -1528.6612956295412
25 -1532.547210432194
25 -1537.1351444135844
25 -1543.0628630339309
25 -1550.9694878265789
25 -1560.182820989272
25 -1571.1169024359297
25 -1584.1526529214334
25 -1599.6188006018021
25 -1614.1620520119798
26 -1652.8580382347093
26 -1657.036787110686
26 -1660.8174309984586
26 -1664.6387709967805
26 -1668.9972707851182
26 -1674.4951871818632
26 -1681.8818192711565
26 -1690.669507384151
26 -1701.0591450210622
26 -1713.4439121432972
27 -1598.3741042644
27 -1611.7628990207763
27 -1623.1169588976218
27 -1632.4528760389508
27 -1639.9485322830533
27 -1645.911582448296
27 -1650.7215177753494
27 -1654.7836104863677
27 -1658.5134574817127
27 -1662.352421196153
28 -1510.7129138190778
28 -1517.3506128942586
28 -1523.716827815872
28 -1529.8501009409674
28 -1535.796470430539
28 -1541.6079056092904
28 -1547.340660692842
28 -1553.0536016316219
28 -1558.806521382153
28 -1564.6584283948578
29 -1623.5554161844038
29 -1631.752508429139
29 -1638.2828477575886
29 -1643.504806637061
29 -1647.8177279515241
29 -1651.6335424916551
29 -1655.3807557273183
29 -1659.5349615689188
29 -1664.6651937915778
29 -1671.4793907706867
30 -1643.0528845192216
30 -1649.2126829743734
30 -1654.1662764134144
30 -1658.3190356597268
30 -1662.0872357191529
30 -1665.9099874596259
30 -1670.2852995329822
30 -1675.8183174483083
30 -1683.2619531585594
30 -1692.0886610578411
31 -1557.236499370378
31 -1568.064062006766
31 -1580.97329495346
31 -1596.2960726786862
31 -1610.9712061629943
31 -1623.480070701832
31 -1633.943616046103
31 -1642.4482389410684
31 -1649.2336269078505
31 -1654.6446967715365
32 -1017.560258168992
32 -1018.4952128816706
32 -1019.4755359375544
32 -1020.6336474897262
32 -1022.1448079172316
32 -1024.2520539814848
32 -1027.295703272969
32 -1031.7423974597748
32 -1038.1996744116072
32 -1047.389492638914
33 -1655.018539330721
33 -1658.8286398078008
33 -1662.5878909949738
33 -1666.7753520083907
33 -1671.9656019794656
33 -1678.8736444411938
33 -1687.3721089592339
33 -1697.3839833718605
33 -1709.3101712147509
33 -1723.5072887810063
34 -1649.1522567308828
34 -1652.9938065686579
34 -1656.7112930070996
34 -1660.7703071884252
34 -1665.723380989959
34 -1672.2568772498114
34 -1680.5330675394698
34 -1690.2495173413101
34 -1701.812571547674
34 -1715.5879226601035
35 -1492.4786215986414
35 -1499.8033883480032
35 -1507.2141083254207
35 -1514.7125812311904
35 -1522.2975512598205
35 -1529.9647492740608
35 -1537.7070457917837
35 -1545.5147082649291
35 -1553.375751433231
35 -1561.2763657613818
36 -1653.6641958341042
36 -1657.6206766857563
36 -1661.3212027226616
36 -1665.2133219760422
36 -1669.8165202226576
36 -1675.7707376100423
36 -1683.694025757909
36 -1692.9304130976384
36 -1703.8936378267954
36 -1716.963935655953
37 -1632.350936010773
37 -1638.849426143138
37 -1644.0482214093197
37 -1648.3474263145927
37 -1652.1595321809114
37 -1655.914130183602
37 -1660.088965420331
37 -1665.2565231854353
37 -1672.1291496308984
37 -1680.6066927188115
38 -1654.4562835305983
38 -1658.1575856161596
38 -1662.046117998597
38 -1666.640532808389
38 -1672.5795207802844
38 -1680.4932406601415
38 -1689.716394749275
38 -1700.6628950929965
38 -1713.713370827337
38 -1729.1961850211785
39 -1575.4047285799468
39 -1589.5692933205257
39 -1605.3941600506114
39 -1618.8580750142219
39 -1630.2887743622405
39 -1639.697264975355
39 -1647.2561279910367
39 -1653.2696717322333
39 -1658.1161537391697
39 -1662.2008329877067
40 -1597.623717831267
40 -1605.9852096965567
40 -1612.6512859403126
40 -1617.973134549631
40 -1622.3469870294682
40 -1626.182732106999
40 -1629.9048811494251
40 -1633.9808132772869
40 -1638.9660723890297
40 -1645.5510249419472
41 -1610.2933719809685
41 -1622.3220911455721
41 -1632.3070168352665
41 -1640.3756988663063
41 -1646.8010711859167
41 -1651.9471190804484
41 -1656.2157496467457
41 -1660.0208730758345
41 -1663.794809721164
41 -1668.0205960419835
42 -1531.7465641331057
42 -1540.639351421888
42 -1551.1646095606666
42 -1563.712572960285
42 -1578.6241749140672
42 -1593.6896962268565
42 -1606.522167090125
42 -1617.3114753500718
42 -1626.1174469653402
42 -1633.157135206122
43 -1567.2085537437904
43 -1583.0175268849234
43 -1596.4681983650316
43 -1607.8853805847602
43 -1617.2810605645745
43 -1624.8287539704686
43 -1630.8333610978382
43 -1635.6733577742514
43 -1639.7540031568806
43 -1643.4909469358895
44 -1641.830050753322
44 -1648.4247527423759
44 -1653.693848319959
44 -1658.0351797908988
44 -1661.859642939332
44 -1665.593726641083
44 -1669.708944032411
44 -1674.7676936579069
44 -1681.4693416110042
44 -1689.8456347291353
45 -1655.516695095382
45 -1659.3596876091633
45 -1663.0761356379555
45 -1667.131213601742
45 -1672.0767468577808
45 -1678.598154602852
45 -1686.8671228550088
45 -1696.5738910943344
45 -1708.12497219082
45 -1721.8863554094332
46 -1491.3778971564054
46 -1498.9922333865088
46 -1506.6703890109295
46 -1514.4048196102365
46 -1522.1860391909727
46 -1530.0029572219232
46 -1537.843269941901
46 -1545.6938908648335
46 -1553.5414046186008
46 -1561.3725281494194
47 -1047.8315775547944
47 -1056.8060451206427
47 -1063.9895803356724
47 -1069.7062608513613
47 -1074.3416622841555
47 -1078.3016489953511
47 -1082.0027430868147
47 -1085.17488261113
47 -1088.2272833624193
47 -1091.5204156282668
48 -1496.665580793426
48 -1506.123298730612
48 -1515.6840365027194
48 -1525.2793530599413
48 -1534.8405633860882
48 -1544.3008361976513
48 -1553.5971333589941
48 -1562.6720007319504
48 -1571.4752236673098
48 -1579.9653490052253
49 -1558.1839430034236
49 -1570.578733994561
49 -1585.3151612346285
49 -1600.55272846949
49 -1613.5280360457411
49 -1624.4618236156844
49 -1633.4025119645137
49 -1640.5571204434045
49 -1646.2512421296974
49 -1650.871020961732
50 -1590.966237443518
50 -1599.840545948308
50 -1606.9384389801369
50 -1612.5884788315077
50 -1617.1779288086236
50 -1621.1130077508133
50 -1624.8109251175565
50 -1628.72125588048
50 -1633.3675785684381
50 -1639.39589480983
51 -1341.9500637261192
51 -1344.4777498520114
51 -1346.8484330456984
51 -1349.345834972221
51 -1352.2383748397024
51 -1355.8043357290467
51 -1361.102147443559
51 -1368.7738613430029
51 -1379.4847298033364
51 -1392.2549029817935
52 -1031.9153040865745
52 -1043.26066233609
52 -1052.5883488326288
52 -1060.0768475665036
52 -1066.0341918064203
52 -1070.8400122895187
52 -1074.8995846672242
52 -1077.9520799928664
52 -1080.4227921894446
52 -1082.6446623873892
53 -1607.599681395989
53 -1615.3555895381205
53 -1621.5276990549878
53 -1626.4903876047517
53 -1630.6490441414267
53 -1634.420019486546
53 -1638.2423430496292
53 -1642.6136546511862
53 -1648.1384197059433
53 -1655.568704629428
54 -976.1247110599096
54 -990.0859857786108
54 -1006.129708622962
54 -1019.7761050361173
54 -1031.3932959947165
54 -1040.9789831218204
54 -1048.6928726145054
54 -1054.8310285506896
54 -1059.768661476492
54 -1063.9111133173099
55 -1291.372505884178
55 -1300.6188110403575
55 -1308.0366605090962
55 -1313.9378178778636
55 -1318.7032893485546
55 -1322.7384070491069
55 -1325.7820487637061
55 -1328.2577585484516
55 -1330.4979129884998
55 -1332.7785447790718
56 -1074.5644219240828
56 -1087.4007748519175
56 -1102.6408212508163
56 -1117.3930346858137
56 -1129.9657379488665
56 -1140.4933629636364
56 -1149.056986920505
56 -1155.8918447532299
56 -1161.3402605178828
56 -1165.1225242297062
57 -1639.4320241917576
57 -1645.5195660808638
57 -1650.4200188702764
57 -1654.5386727092666
57 -1658.2914322775844
57 -1662.1180205701548
57 -1666.5188089873784
57 -1672.103184591545
57 -1679.6292688776307
57 -1688.5116812182916
58 -1553.9937347341272
58 -1568.3540897153757
58 -1583.9732981644506
58 -1597.2659355128535
58 -1608.522013748648
58 -1617.7653645863522
58 -1625.180653528634
58 -1631.0797791877392
58 -1635.843797583061
58 -1639.8780436928898
59 -1477.2052826500073
59 -1485.3222599933513
59 -1493.961013302898
59 -1503.0842901836306
59 -1512.6369731454636
59 -1522.5491760032473
59 -1532.3536794506595
59 -1541.853970997301
59 -1551.1785631735213
59 -1560.4649928603699
60 -1502.2988511696697
60 -1508.5501277679575
60 -1514.8912949705748
60 -1521.361831227394
60 -1527.9971554625654
60 -1534.8273186075305
60 -1541.875816611553
60 -1549.1585986932016
60 -1556.6833474377056
60 -1564.4490962376842
61 -1502.6269091418524
61 -1510.8749421336977
61 -1518.630459424931
61 -1525.8885279964163
61 -1532.6610220021569
61 -1538.9761943644614
61 -1544.877357880863
61 -1550.4208513528333
61 -1555.6735920154786
61 -1560.7105382502543
62 -889.5056344986168
62 -889.7025609536589
62 -889.8890469171719
62 -890.0660032470613
62 -890.2339760770915
62 -890.3932255512193
62 -890.543798750998
62 -890.6856083676754
62 -890.8185309896255
62 -890.9425433538852
63 -1261.4363303104224
63 -1267.839318382169
63 -1274.0231090331238
63 -1280.289373089349
63 -1286.941642811258
63 -1294.273716038496
63 -1302.5560427798528
63 -1312.0201728761667
63 -1322.8435039572885
63 -1333.2897416617152
64 -1626.7965636192873
64 -1636.571810398864
64 -1644.4525879905411
64 -1650.7260226245419
64 -1655.7639940334134
64 -1659.9720823634486
64 -1663.7673917194165
64 -1667.5885160952832
64 -1671.9304089381349
64 -1677.3923824002839
65 -1494.4829395306726
65 -1503.4955465830583
65 -1512.5987161823705
65 -1521.7379930180432
65 -1530.8582605841314
65 -1539.9055125206894
65 -1548.8285190189513
65 -1557.5803746290946
65 -1566.1199178429256
65 -1574.4130080107611
66 -1513.1993150760388
66 -1517.7962579464845
66 -1523.7396343751936
66 -1531.6561137449373
66 -1540.8830856004172
66 -1551.8344120144043
66 -1564.8906086768375
66 -1580.379896882001
66 -1594.9020603912816
66 -1607.2843145477032
67 -1596.448174590042
67 -1606.831065170079
67 -1615.2616278001437
67 -1621.9851540494983
67 -1627.349808455286
67 -1631.750561035029
67 -1635.5965876297255
67 -1639.3109904124494
67 -1643.3580992493714
67 -1648.2883021300997
68 -1631.9413454574103
68 -1639.1417963338629
68 -1644.8716917917423
68 -1649.5162757857095
68 -1653.481353856504
68 -1657.1833366931567
68 -1661.0690529221986
68 -1665.6564926947915
68 -1671.5833507920963
68 -1679.4894332757958
69 -1553.2790088025488
69 -1557.272841232362
69 -1560.9811125789797
69 -1564.8485739427083
69 -1569.3887298758052
69 -1575.2324291471748
69 -1583.0857161570539
69 -1592.1266604189198
69 -1602.71806252364
69 -1615.1965811876082
70 -1549.6740669138535
70 -1564.9700143092448
70 -1577.9938212207774
70 -1588.976753421489
70 -1597.9634058669349
70 -1605.1573862383766
70 -1610.8822247821217
70 -1615.5232922637215
70 -1619.4864163073435
70 -1623.188049302122
71 -1607.4522819512758
71 -1619.5825563008173
71 -1629.6681856859188
71 -1637.8278542491475
71 -1644.3275026783965
71 -1649.527138423805
71 -1653.8268380547258
71 -1657.6390719191381
71 -1661.3933906464124
71 -1665.5674595129838
72 -1522.4217875946952
72 -1528.2212468509133
72 -1533.8056377378018
72 -1539.2388775061877
72 -1544.5893799954533
72 -1549.9281754333492
72 -1555.327080929644
72 -1560.8568494406009
72 -1566.5852089367304
72 -1572.5747299021168
73 -504.0704365376435
73 -504.66055616655694
73 -505.38251525278815
73 -506.2779488058572
73 -507.4023625851038
73 -508.8289320578958
73 -510.65257304468423
73 -512.9935892551422
73 -515.9995966469124
73 -519.8436982815663
74 -1521.514680323555
74 -1528.2970183442537
74 -1534.6990543718277
74 -1540.7596147042937
74 -1546.5284252135273
74 -1552.0641745521664
74 -1557.4324571809702
74 -1562.7037458564207
74 -1567.9514617744248
74 -1573.2501248940232
75 -1620.4268950368291
75 -1630.0877644619604
75 -1637.8677186874727
75 -1644.0592917197996
75 -1649.036382955384
75 -1653.2044124143033
75 -1656.979857983234
75 -1660.8016333088174
75 -1665.1668143983115
75 -1670.6788159216921
76 -1498.577259875032
76 -1506.4694906461968
76 -1514.118457112523
76 -1521.5190159221759
76 -1528.6743676394772
76 -1535.5959539945145
76 -1542.3030548652252
76 -1548.8221062364362
76 -1555.1857807233334
76 -1561.4318838720587
77 -1547.301725169118
77 -1561.6031445423291
77 -1577.2837423384242
77 -1590.6274861370343
77 -1601.9356231196803
77 -1611.228124741429
77 -1618.6860513736617
77 -1624.6190516563156
77 -1629.407351806985
77 -1633.456246776221
78 -527.1235408043304
78 -527.9872024471106
78 -529.0839568248263
78 -530.4899260204011
78 -532.3037617015563
78 -534.6508638475145
78 -537.6857131753786
78 -541.5901012102355
78 -546.5644257528077
78 -553.5269189013696
79 -1191.4903814400598
79 -1203.1825251621096
79 -1213.533019016664
79 -1222.4824895623544
79 -1230.0322454576406
79 -1236.251303885484
79 -1241.2667517675645
79 -1245.2422184185875
79 -1248.3535909938942
79 -1250.4935072961046
80 -369.2027604221357
80 -377.3609906995794
80 -383.85441154219905
80 -388.3484248707662
80 -391.37757005040714
80 -393.3774706598884
80 -394.6758715191022
80 -395.50687099665123
80 -396.0320107244299
80 -396.3601273050531
81 -513.2432636754397
81 -518.5734075522734
81 -522.2629393746419
81 -524.8094525996506
81 -526.5944983821329
81 -527.8966379580219
81 -528.9154973956781
81 -529.7959053957212
81 -530.6482780196152
81 -531.5648934785323
82 -1492.9649918961782
82 -1501.5722947640502
82 -1510.2739756752308
82 -1519.0282510813165
82 -1527.7918728033922
82 -1536.5215877702803
82 -1545.175546558679
82 -1553.7146329884629
82 -1562.1036931582244
82 -1570.3126436738098
83 -260.84519224495267
83 -260.9381826670906
83 -261.0291350986509
83 -261.148699396172
83 -261.2741927918504
83 -261.40589382074603
83 -261.5436878678862
83 -261.68725597654793
83 -261.8361951816778
83 -261.9900943876151
84 -1328.8066376001896
84 -1337.0887044387493
84 -1346.352908066138
84 -1356.775028228145
84 -1367.090350959424
84 -1376.5063331552033
84 -1384.9755375842583
84 -1392.4828787128838
84 -1399.0493341873573
84 -1404.73112013884
85 -1225.3653238176848
85 -1233.0274265081641
85 -1241.8916148831902
85 -1251.9499386814807
85 -1263.1356550788291
85 -1273.6376066994032
85 -1282.8514286275902
85 -1290.934653345064
85 -1298.098241636837
85 -1304.5964598446524
86 -1126.636694153896
86 -1138.43160080755
86 -1148.7233992602014
86 -1157.6254595048301
86 -1165.3153853440779
86 -1172.0283841448525
86 -1178.0443295336856
86 -1183.6733261186785
86 -1189.2430494591752
86 -1195.0883010717218
87 -1227.9310192581925
87 -1232.2809044867058
87 -1236.1082019920595
87 -1239.1474552341276
87 -1241.8101453559468
87 -1244.4341847861228
87 -1247.3212795860586
87 -1250.768727622342
87 -1255.0907372892257
87 -1260.6240614509068
88 -1285.1881406948494
88 -1301.0291469982844
88 -1314.5065115955683
88 -1325.9509409773054
88 -1335.3724486202166
88 -1342.942666584136
88 -1348.9653011287705
88 -1353.8183877461327
88 -1357.9071861417683
88 -1360.9711805460288
89 -262.0203401835106
89 -262.07481396656067
89 -262.1289730909901
89 -262.18354415791555
89 -262.23590261823074
89 -262.28688339394614
89 -262.3375129074135
89 -262.39268071466853
89 -262.4453526652606
89 -262.4964454761979
90 -1493.6790773268538
90 -1500.684775066845
90 -1507.7003921679523
90 -1514.7412406852332
90 -1521.8218019349529
90 -1528.955225036123
90 -1536.1528657536048
90 -1543.4238827092095
90 -1550.7749070276004
90 -1558.209799536351
91 -1062.843975216196
91 -1065.9883088271636
91 -1068.4077722726597
91 -1070.4411033701308
91 -1072.354850179088
91 -1074.3754011625933
91 -1076.716884190066
91 -1079.6032609596593
91 -1083.2830273047366
91 -1088.03335923239
92 -1261.9284857811112
92 -1275.1344778617324
92 -1286.3023891399644
92 -1295.4626601692585
92 -1302.8060662634246
92 -1308.6482920640462
92 -1313.371792087466
92 -1317.3820059884313
92 -1320.417481010827
92 -1322.9000064807965
93 -1235.3351946077037
93 -1243.9451709569241
93 -1255.609801452048
93 -1270.2010502035187
93 -1285.5839178486187
93 -1298.6799625795627
93 -1309.7361720957806
93 -1318.7914876620162
93 -1326.0444316694345
93 -1331.8154419587497
94 -127.64233587338875
94 -127.65387710254655
94 -127.66089161642026
94 -127.6693492052062
94 -127.67784108021937
94 -127.6846853007202
94 -127.69611473444161
94 -127.702700192429
94 -127.7194398127738
94 -127.72796062955031
95 -255.27736501488332
95 -255.2903281760229
95 -255.2944379269666
95 -255.30669074482756
95 -255.31071303184183
95 -255.3243012919306
95 -255.32848842372624
95 -255.34000960611962
95 -255.34407212753473
95 -255.35580907349728
96 -1232.3411348046927
96 -1241.6078010493516
96 -1253.0273291373803
96 -1267.719836793877
96 -1283.0010972336995
96 -1296.012701489086
96 -1306.9832646321452
96 -1315.9583419563462
96 -1323.1423997363331
96 -1328.8594882398588
97 -1050.3990392227338
97 -1052.3696811103152
97 -1053.7267734355728
97 -1054.6931274558324
97 -1055.424544546622
97 -1056.030466517116
97 -1056.5902917113692
97 -1057.165756222737
97 -1057.8104082220088
97 -1058.577224039152
98 -1044.452031983749
98 -1047.378869240036
98 -1049.7363109604853
98 -1051.8436366680921
98 -1053.9628531408184
98 -1056.3305883584646
98 -1059.1844147316588
98 -1062.7815541700782
98 -1067.4068960460086
98 -1073.365535193463
99 -261.6166610935811
99 -261.62875138081665
99 -261.6374809177975
99 -261.655896947252
99 -261.6668025988199
99 -261.6798208040612
99 -261.69277359783234
99 -261.7032202472379
99 -261.7229264063312
99 -261.7355936846313
100 -254.96344803095008
100 -254.97283528036724
100 -254.98596549973877
100 -254.99585839074416
100 -255.0053470430242
100 -255.0189296087221
100 -255.02790325664728
100 -255.04296953959016
100 -255.05074040825107
100 -255.0609890190519
101 -1195.8384226212584
101 -1203.2246572649726
101 -1209.1007524508523
101 -1213.8483294215298
101 -1217.8727596407846
101 -1220.9127831485964
101 -1223.3911872088167
101 -1225.6401372090015
101 -1227.9361071185967
101 -1230.5327829753269
102 -297.71536635905534
102 -297.72702983648696
102 -297.73133578840884
102 -297.74452198735037
102 -297.7485246777075
102 -297.7617472502739
102 -297.7659559665095
102 -297.7777220375287
102 -297.7817692186376
102 -297.79364352944333
103 -126.50088493726416
103 -126.51174648002993
103 -126.51595033691643
103 -126.53050672308328
103 -126.53464749105449
103 -126.54572456838257
103 -126.5498339969029
103 -126.56159654136052
103 -126.56590960399313
103 -126.57896919044798
104 -1.6624195130885069
104 -1.666586530760985
104 -1.6778732163239203
104 -1.6819543539261916
104 -1.693608497379823
104 -1.6978312080625064
104 -1.71117874750842
104 -1.715185763826026
104 -1.7289529650235476
104 -1.733320503305356
105 -118.94839722409479
105 -118.96269402325228
105 -118.96678518176613
105 -118.97822547092345
105 -118.98232053551615
105 -118.99648624847715
105 -119.00065463656875
105 -119.0118332328698
105 -119.0159254514232
105 -119.0309691772122
106 -2.6035741097423437
106 -2.608693410041692
106 -2.6164264879626766
106 -2.6214911119530804
106 -2.6295186088561144
106 -2.6344433095354858
106 -2.653783519121032
106 -2.6591014355902693
106 -2.6666769327817947
106 -2.672327556493022
107 -244.51510712605764
107 -244.5237737106056
107 -244.5358434334967
107 -244.54527618383537
107 -244.55415142809684
107 -244.56708026027508
107 -244.5754384952041
107 -244.59038590917194
107 -244.5973985446836
107 -244.60769647657278
108 -366.1573862719811
108 -366.1638888290498
108 -366.173132769153
108 -366.18048889333784
108 -366.18770314182996
108 -366.19702539612103
108 -366.20329317368686
108 -366.21610881466347
108 -366.222772126591
108 -366.23577460341306
109 -256.02164088983346
109 -256.0392525341208
109 -256.05213487483013
109 -256.06453015749844
109 -256.0825987170604
109 -256.09533513553066
109 -256.11130260821454
109 -256.12491825911957
109 -256.136928002323
109 -256.1571161133645
110 -127.70475866444711
110 -127.72644522077515
110 -127.74298927314736
110 -127.75855117921124
110 -127.78241732099438
110 -127.80022534844338
110 -127.81871272808813
110 -127.84148835987128
110 -127.85969838512138
110 -127.87983150811264
111 -134.38391757394422
111 -134.3894432821437
111 -134.39684174365348
111 -134.40284611857984
111 -134.40943413430224
111 -134.41604103123223
111 -134.42200962107248
111 -134.4294110763666
111 -134.43487286273117
111 -134.44343731148308
112 -133.48094916922926
112 -133.49249785318054
112 -133.5017411304247
112 -133.51891174235286
112 -133.52948209202327
112 -133.54314776018148
112 -133.55478942739924
112 -133.56503151043162
112 -133.58193126221133
112 -133.59292754117976
113 -233.5124982857641
113 -233.52524802842012
113 -233.53163097465912
113 -233.540874171312
113 -233.5480373078041
113 -233.55526142516624
113 -233.56422767793842
113 -233.5704405098885
113 -233.58257887720433
113 -233.5889670425802
114 -143.23412028524731
114 -143.23913080146278
114 -143.24716257135972
114 -143.25234050990522
114 -143.2599028090337
114 -143.2651946531442
114 -143.27256464598491
114 -143.27788517777324
114 -143.28528252746696
114 -143.29053874103593
115 -239.60322236754652
115 -239.6107495147359
115 -239.61622942168626
115 -239.62510182160412
115 -239.63022510284654
115 -239.64129188318904
115 -239.64653344462093
115 -239.66145774050065
115 -239.6680269186563
115 -239.67893032999208
116 -930.654348891402
116 -934.8370783765428
116 -940.220168613014
116 -947.0407797204343
116 -956.3541000096028
116 -968.5883680112483
116 -984.0030748902344
116 -998.3336301264914
116 -1010.5574477990831
116 -1020.7360990360157
117 -3.1821646715054484
117 -3.188000969691144
117 -3.1945871020201126
117 -3.200589272783034
117 -3.206988571204706
117 -3.2131353771620392
117 -3.2193836206545563
117 -3.2256708026486804
117 -3.2317783070141646
117 -3.2382222012981776
118 -7.09895638099189
118 -7.114731995810255
118 -7.133157970235176
118 -7.14757732236949
118 -7.165856090897688
118 -7.180174529668443
118 -7.193422275536397
118 -7.214172554052894
118 -7.228914739877248
118 -7.245419893629108
119 -128.967567128349
119 -128.97538819569556
119 -128.98472966721832
119 -128.99135408489943
119 -129.00433230343413
119 -129.0113098894826
119 -129.0309167642349
119 -129.04110068723944
119 -129.0522336189686
119 -129.06533838866898
120 -139.6361886437598
120 -139.65950059900052
120 -139.67874969419069
120 -139.7000997394628
120 -139.7216071722221
120 -139.73994928565256
120 -139.76162307122848
120 -139.78000092220208
120 -139.79653864490896
120 -139.82433477247918
121 -133.08445887713683
121 -133.08987204058153
121 -133.10035016322917
121 -133.1056805389822
121 -133.11977908500265
121 -133.12613952390566
121 -133.13758857009054
121 -133.14379826600643
121 -133.15237705293316
121 -133.15946240292377
122 -2.0471764383692923
122 -2.0542965740602823
122 -2.0597216773084734
122 -2.0672836246459014
122 -2.0724686083418034
122 -2.092636075804533
122 -2.098146610945357
122 -2.105368967001417
122 -2.111275691449144
122 -2.1178641906711326
123 -127.82028913011362
123 -127.82548301073385
123 -127.8330106936276
123 -127.83830362327255
123 -127.84568096865291
123 -127.85098468803487
123 -127.87279090555835
123 -127.87943797349403
123 -127.88603887919355
123 -127.89395970323507
124 -130.98807413340828
124 -131.00199860610417
124 -131.0135583005041
124 -131.03226834009683
124 -131.04106113694635
124 -131.0531392346257
124 -131.06278984046256
124 -131.07171441068112
124 -131.0850632808616
124 -131.09362379631557
125 -261.6528631122913
125 -261.668253857957
125 -261.6794228566855
125 -261.69029105900296
125 -261.7057238873057
125 -261.7162920628758
125 -261.7316685938342
125 -261.7417041467634
125 -261.75228274909364
125 -261.7654894293573
126 -493.954903234713
126 -493.9694784607845
126 -493.9807945675094
126 -493.9913415425188
126 -494.00732821893104
126 -494.01801117575747
126 -494.03298262744255
126 -494.04359441580635
126 -494.0541192287629
126 -494.0685854578775
127 -138.11662981774904
127 -138.16553108428954
127 -138.21332494719218
127 -138.2614954224268
127 -138.30903165971336
127 -138.3540623861106
127 -138.39809387556988
127 -138.44304446568555
127 -138.48574767388965
127 -138.52594634865136
128 -134.22192041899888
128 -134.24187178592075
128 -134.2587071462477
128 -134.27944579928285
128 -134.29566820287897
128 -134.31073257310223
128 -134.33437568451606
128 -134.3518177765176
128 -134.3699284704999
128 -134.39229946834314
129 -258.87523490002417
129 -258.8851813361569
129 -258.8914425227665
129 -258.8991943139398
129 -258.9065144324392
129 -258.9129296160978
129 -258.92206794832174
129 -258.9278198146524
129 -258.9400048755545
129 -258.9460663758858
130 -1.615486893965834
130 -1.6295032674290844
130 -1.6335443576120383
130 -1.6454949971594253
130 -1.6496179581084185
130 -1.6628888337630459
130 -1.6669213934623288
130 -1.681058561514636
130 -1.6856203105169427
130 -1.6962761505221575
131 -130.32056198225993
131 -130.32779715293498
131 -130.33314532922415
131 -130.34080699544572
131 -130.34593416393204
131 -130.35434506528665
131 -130.35923958489133
131 -130.37726447234172
131 -130.3819549601863
131 -130.39058906556255
132 -251.05235169897216
132 -251.06326126784597
132 -251.0701774174218
132 -251.08614068439857
132 -251.0945729323505
132 -251.10655726217414
132 -251.11564239191682
132 -251.12441197673527
132 -251.1366885290322
132 -251.14473010894164
133 -127.11381447511354
133 -127.11786983372602
133 -127.13252556974224
133 -127.13693453517645
133 -127.14734930297253
133 -127.15165179323307
133 -127.16165108530146
133 -127.16592538816131
133 -127.17642381351592
133 -127.18074693526694
134 -248.56930603347985
134 -248.57371931443615
134 -248.5841222634693
134 -248.5884297215965
134 -248.59840724287508
134 -248.6026860903795
134 -248.6131463728312
134 -248.61746937961036
134 -248.63232139055233
134 -248.63644743460708
135 -1.9602075991949997
135 -1.9755828533251338
135 -1.9854389762433107
135 -1.9998434547962818
135 -2.00949824511679
135 -2.019545606742274
135 -2.0323175058639875
135 -2.04124602763803
135 -2.0571839953934483
135 -2.0643460163266
136 -255.5785572646595
136 -255.58273396996583
136 -255.5940418494824
136 -255.5981219099497
136 -255.60973489093993
136 -255.61394277692162
136 -255.62737683465514
136 -255.6313900387981
136 -255.64392290385086
136 -255.64806696444973
137 -126.66337573284409
137 -126.66961062944226
137 -126.67612392766252
137 -126.68202689574201
137 -126.68897841454347
137 -126.6945524411024
137 -126.70212084340773
137 -126.70736295440038
137 -126.71588818278596
137 -126.72084737457328
138 -249.07693300802723
138 -249.09080283964218
138 -249.09705439949968
138 -249.10861851887552
138 -249.114635079301
138 -249.12334560347574
138 -249.13008486233502
138 -249.1370759964951
138 -249.1452520055045
138 -249.15124479057548
139 -256.305353316191
139 -256.31703944150485
139 -256.33015144230393
139 -256.3447024999346
139 -256.3559078977079
139 -256.37325983488796
139 -256.382615155735
139 -256.39402881830927
139 -256.4052361159951
139 -256.41426853150796
140 -247.26277449611823
140 -247.27370679190005
140 -247.2891940011937
140 -247.29976998437317
140 -247.31052121499525
140 -247.32474856482162
140 -247.33467523699028
140 -247.35732674567038
140 -247.37139736856443
140 -247.38534672308802
141 -117.9767028251378
141 -117.99656672555957
141 -118.02053699178971
141 -118.04004929859016
141 -118.0611947250945
141 -118.08391449276735
141 -118.10299373225502
141 -118.12465939125646
141 -118.14504862928045
141 -118.16278133059718
142 -235.2261473791811
142 -235.2395194799058
142 -235.26327135593957
142 -235.27999744990902
142 -235.29692522088374
142 -235.31922963871617
142 -235.3365411201238
142 -235.35565328272028
142 -235.37585536514305
142 -235.3926083821531
143 -250.73339190194295
143 -250.75908286986746
143 -250.77619645433722
143 -250.79340980643317
143 -250.8163662134746
143 -250.83422468533377
143 -250.8536093997058
143 -250.87487144471177
143 -250.89239533845426
143 -250.9129049328429
144 -357.0228953670691
144 -357.04332928576815
144 -357.0631309033684
144 -357.0917065280617
144 -357.11454399976355
144 -357.13700838452075
144 -357.16805169905456
144 -357.1936845729355
144 -357.21862078541415
144 -357.24803027919745
145 -367.1195524320067
145 -367.15268414544954
145 -367.1781783121521
145 -367.20243011530295
145 -367.2392400696872
145 -367.27011595864246
145 -367.29901186241466
145 -367.32987311656996
145 -367.3596614869449
145 -367.3865299493515
146 -5.678925613779933
146 -5.708200145396974
146 -5.731370725447033
146 -5.753106983901247
146 -5.78717670885297
146 -5.8149748193927095
146 -5.841016016636545
146 -5.869905336373752
146 -5.895096413548782
146 -5.9180956862146195
147 -2.1894924843609513
147 -2.199395831601681
147 -2.2101771354127604
147 -2.218310107525033
147 -2.2341604284025425
147 -2.2433830895755964
147 -2.2564620818783427
147 -2.2661043985368754
147 -2.275514532318231
147 -2.2886229157557523
148 -122.37215755410472
148 -122.3879561421897
148 -122.39695393078962
148 -122.40979008966745
148 -122.41922881677954
148 -122.42848108737971
148 -122.44125417163353
148 -122.44975849507428
148 -122.46954326430652
148 -122.48102586189157
149 -248.27976982835202
149 -248.28992581647375
149 -248.2996751299317
149 -248.31366345849762
149 -248.3229580605695
149 -248.3380310883058
149 -248.34626276804093
149 -248.3564973332901
149 -248.3663738997947
149 -248.37442571725467
150 -365.622011589851
150 -365.6544954273224
150 -365.68128324311317
150 -365.7069267376104
150 -365.7362815662946
150 -365.75905187704006
150 -365.780552238267
150 -365.80667266584527
150 -365.82498381500153
150 -365.8429360251062
151 -249.9834367393355
151 -250.0100069116417
151 -250.03446615481263
151 -250.06172523162877
151 -250.08593278225612
151 -250.1078238634342
151 -250.13294177406814
151 -250.1542756667755
151 -250.17367069728473
151 -250.2061077195238
